0.0322039515948 -2.00139297496e-20
0.0243624148977 -9.22271807535e-21
0.0206911700649 -3.720260211e-19
0.0249615990191 -3.78613441295e-21
0.0239944123513 -3.79394491459e-21
1.0 0.0
0.023997137249 -3.79395836089e-21
0.0225188069697 -3.84992818526e-21
0.154898379744 0.0
0.0188121116979 -4.14493531681e-21
0.1053866898 0.0
0.103205869924 0.0
0.10461178932 0.0
0.10326520961 0.0
0.105407340823 0.0
0.0364166183356 0.0
0.0330199909091 0.0
0.0177935718929 -4.26478818147e-21
0.0524456965256 0.0
0.0330251679241 0.0
0.033248489455 0.0
0.0391680324852 0.0
0.0396938360832 0.0
0.0413497665006 0.0
0.0191353787748 -5.0295886193e-21
0.0524109240868 0.0
0.0174428706691 -3.39169447637e-21
0.0840875722388 0.0
0.052444326051 0.0
0.0184994781814 -4.20635820132e-21
0.200745539178 0.0
0.0384111645919 0.0
0.0179118337407 -4.34392476733e-21
0.0178055326512 -4.27368500444e-21
0.0354489115199 0.0
0.0364153885805 0.0
0.0238833864066 -3.8388398391e-21
0.0397341682463 0.0
1.0 0.0
0.0230287687613 -4.05312178684e-19
0.0191258293872 -4.24800444502e-21
0.0366557610148 0.0
0.154847855456 0.0
0.0600788499465 0.0
0.0222029089125 -4.22086178433e-21
0.0431455268358 0.0
0.155423505483 0.0
0.182948622405 0.0
0.20078901933 0.0
0.0373645009794 0.0
0.0399866304908 0.0
0.0384671209434 0.0
0.037150992749 0.0
0.207994714626 0.0
0.118905294569 0.0
0.115371287505 0.0
0.0215367820015 -6.40383733225e-21
0.0214824925345 -6.40456417752e-21
0.0412081633098 0.0
0.0548396791406 0.0
0.0396652405674 0.0
0.0413769980331 0.0
0.0421056716794 0.0
0.153615633775 0.0
0.150304702773 0.0
0.0427082943689 0.0
0.0444940272697 0.0
0.0793727690968 0.0
0.0566936583095 0.0
0.04592298822 0.0
0.0477978455836 0.0
0.105977358606 0.0
0.108983884202 0.0
0.0191681844166 -4.16090870154e-21
0.0179082667435 -4.3418473943e-21
0.204434423852 0.0
0.0266947443953 -3.81454844228e-21
0.10508548575 0.0
0.0415796382499 0.0
0.0434151582728 0.0
0.201435967349 0.0
0.0389111940228 0.0
0.0185136105717 -4.51503955962e-21
0.0189262937771 -4.71310542701e-21
0.157521545592 0.0
0.0178001844856 -4.27242840026e-21
0.0218575590757 -4.17733687317e-19
0.0184914677091 -4.2070138735e-21
1.0 0.0
0.0186759245544 -4.20540056578e-21
0.0176980812505 -2.72179584305e-21
0.0646996866617 0.0
0.0654934952623 0.0
0.065363799543 0.0
0.0295198770792 0.0
0.0219840775479 -2.42627114547e-21
0.0678328539233 0.0
0.0655382969991 0.0
0.0667415692878 0.0
0.0738932011363 0.0
0.0177512696405 -2.7644600083e-21
0.0656193466128 0.0
0.0728373307841 0.0
0.0733511775933 0.0
0.0235692524046 -2.35231075449e-21
0.13053010044 0.0
0.0766776437243 0.0
0.0752970329424 0.0
0.0239600262951 -2.35360528421e-21
0.0271873930419 0.0
0.0271555007435 0.0
0.0294765851159 0.0
0.0400350243535 0.0
0.0330668779747 0.0
1.0 0.0
0.0329195893895 0.0
0.0418167946543 0.0
0.498979938491 0.0
0.167862288294 0.0
0.0374394813137 0.0
0.0568382868523 0.0
0.0851419629641 0.0
0.0300550346664 0.0
0.132985102656 0.0
0.175454306101 0.0
0.134633550155 0.0
0.17014667971 0.0
0.0271877167339 0.0
0.0243785418919 -2.3515311042e-21
0.333521378238 0.0
0.167982600515 0.0
0.167333830648 0.0
1.0 0.0
0.333521378238 0.0
0.0247207016408 -2.32554672586e-21
0.175306801087 0.0
0.135480321054 0.0
0.137054150092 0.0
0.130319752721 0.0
0.167671943018 0.0
0.0399791349868 0.0
0.0455349513421 0.0
0.178915883847 0.0
0.0280355753656 -2.28569996173e-21
0.0225169284401 -2.41580485784e-21
0.0667453868667 0.0
0.07019277 0.0
0.0289344158061 0.0
0.04717598964 0.0
0.0513734163815 0.0
0.0420109375989 0.0
0.0531442144293 0.0
0.0568498488296 0.0
0.0788899223799 0.0
0.0303042756069 0.0
0.0380577221959 0.0
0.0272541750801 0.0
0.33340647602 0.0
0.0259116856774 0.0
0.176621783427 0.0
0.177498753978 0.0
0.159138660417 0.0
0.0875790376245 0.0
0.02614608246 0.0
0.01877135086 -2.59715635135e-21
0.0236140566731 0.0
0.0183477837724 -2.52892687174e-21
0.0235716470432 0.0
0.0178251193445 -2.46713619247e-21
0.0271136497685 0.0
0.0248484468643 0.0
0.0294515102157 0.0
0.0194393218424 -2.85719048459e-21
0.026809625889 0.0
0.0261515265541 0.0
0.0339240931195 0.0
0.0374962799318 0.0
0.0419313904176 0.0
0.0383792700522 0.0
0.034647861158 0.0
0.024741692473 0.0
0.0249631356894 0.0
0.0238883194794 0.0
0.0247411601837 0.0
0.0254260217448 0.0
0.0181761655054 -2.4852107746e-21
0.0247574876621 0.0
0.0248641264293 0.0
0.0280880838581 0.0
0.0256313413681 0.0
0.0702286435289 0.0
0.067991891737 0.0
0.023756214368 0.0
0.0179009342923 -2.47453692295e-21
0.0178396717394 -2.46628519723e-21
0.500647567031 0.0
0.0177381690385 -2.506511307e-21
0.500647567031 0.0
0.021985285029 -2.3240307566e-21
0.0135933180737 0.0
0.0221284535645 -4.08859650167e-19
0.0226056422645 -2.32093484158e-21
0.0375154846923 0.0
0.0374966831099 0.0
0.0135016214396 0.0
0.0135899762773 0.0
0.0135837363094 0.0
0.013573222205 0.0
0.0135893540042 0.0
0.0142519761363 0.0
0.0137968477539 0.0
0.013942898877 0.0
0.0222373052184 -2.34402666052e-21
0.0136020218987 0.0
0.0139363319106 0.0
0.0144813591184 0.0
0.0220208290603 -4.07931188738e-19
0.0217376107224 -2.35190193834e-21
0.0136916690993 0.0
0.0185707762599 0.0
0.0178146425375 -2.46623432768e-21
0.0157610074466 0.0
0.0220738477914 -4.07879965258e-19
0.02231987778 -2.34330220641e-21
0.0163244970161 0.0
0.021793605105 -4.09794649761e-19
0.0139242450675 0.0
0.0136184479299 0.0
0.0147158351527 0.0
0.015520256439 0.0
0.0195121454255 0.0
0.0178230567185 -2.46619129128e-21
0.0157961866561 0.0
0.0135927586692 0.0
0.0137135240659 0.0
0.0154182184583 0.0
0.0183955574974 0.0
0.0166344505369 0.0
0.0340209960963 0.0
0.0246995158673 0.0
0.0243261348063 0.0
0.0215387085978 -2.33089696357e-21
0.0184819149653 0.0
0.0160752761859 0.0
0.0200111120483 0.0
0.0266433954825 0.0
0.0308788196917 0.0
0.038755738732 0.0
0.0406821281618 0.0
0.0324160234495 0.0
0.0149330150366 0.0
0.018425882106 0.0
0.022559208591 0.0
0.0206297840909 0.0
0.0354952191769 0.0
0.0160655518242 0.0
0.0338155775005 0.0
0.032865897127 0.0
0.0180159325909 -2.45700652748e-21
0.0191556805896 -2.45115928512e-21
0.0208254682928 -2.37283487878e-21
0.0220324638513 -2.32761657472e-21
0.0243470597814 0.0
0.0228068151053 -4.06071328408e-19
0.0231692255997 -4.0571945987e-19
0.0257321433151 0.0
0.0263966197946 0.0
0.0222831458479 -2.3272540166e-21
0.0200497755882 0.0
0.0145769024844 0.0
0.0386385195038 0.0
0.0163621170141 0.0
0.0155775673731 0.0
0.0197639933412 0.0
0.014530917822 0.0
0.0161200028053 0.0
0.0161669266768 0.0
0.0141845355781 0.0
0.0135762300459 0.0
0.0224355384346 -2.34287962822e-21
0.0143843697048 0.0
0.0217726054215 -4.10022764377e-19
0.498979938491 0.0
0.0218817052246 -4.11331346985e-19
0.0178396321488 -2.46628419181e-21
0.0218389404752 -4.13849185789e-19
0.018195518781 -2.4851109411e-21
0.0219456070322 -4.10119502236e-19
0.110421612066 0.0
0.110087014608 0.0
0.0387576298305 0.0
0.109967636055 0.0
0.0310189870927 0.0
0.11079864646 0.0
0.0217885087852 -4.09954305611e-19
0.112643155897 0.0
0.0200602038311 0.0
0.111054081339 0.0
0.0568393952878 0.0
0.167664309317 0.0
0.0217990901446 -4.10729353642e-19
0.0224348325512 -4.09260839425e-19
0.0217960903255 -4.16675677137e-19
0.0218284982554 -4.23202216458e-19
0.0191774006244 -5.02914898839e-21
0.0218362370411 -4.17866800633e-19
0.017898055524 -4.31874873428e-21
0.021837862704 -4.177949437e-19
0.0179118747182 -4.34392439809e-21
0.023047525549 -4.05108134429e-19
0.0239945741933 -3.79394362465e-21
0.110342653961 0.0
0.023028458729 -4.05312442172e-19
0.0228303819084 -4.0869559891e-19
0.109976264743 0.0
0.035425547923 0.0
0.145222696229 0.0
0.0276737652571 -2.28745613762e-21
0.17889797947 0.0
0.0222006200888 -4.11306104145e-19
1.0 0.0
0.0459346610467 0.0
0.0235866932131 -4.04244383941e-19
1.0 0.0
0.114066429183 0.0
0.173515201147 0.0
0.0234784664441 -4.08014840722e-19
0.0259461220672 -2.30535103304e-21
0.144562166261 0.0
0.144603737044 0.0
0.144743036306 0.0
1.0 0.0
0.0219461874243 -2.32443955524e-21
0.0396765113964 0.0
0.0407178117745 0.0
0.038914566194 0.0
0.0230203485341 -2.32366716232e-21
0.0148961910428 0.0
0.0189438925713 0.0
0.0196485318621 0.0
0.0189482884115 0.0
0.024161500168 0.0
0.0606726502051 0.0
0.0306171957012 0.0
0.0306738783152 0.0
0.0306544490916 0.0
1.0 0.0
0.0313660665283 0.0
0.0469946247478 0.0
0.0316914293095 0.0
0.527863100801 0.0
0.527863100801 0.0
0.0138838680028 0.0
0.0135992556944 0.0
0.0135941828543 0.0
0.0135968162805 0.0
0.0136034775511 0.0
0.013598283261 0.0
0.0136033742976 0.0
0.0135966690452 0.0
0.013599393885 0.0
0.0135930915542 0.0
0.0135985037322 0.0
0.013593826963 0.0
0.0135932106447 0.0
0.0135923600848 0.0
