0.0249615990191 -3.78613441295e-21
0.0239944123513 -3.79394491459e-21
1.0 0.0
0.023997137249 -3.79395836089e-21
0.0225188069697 -3.84992818526e-21
0.154898379744 0.0
0.0188121116979 -4.14493531681e-21
0.1053866898 0.0
0.103205869924 0.0
0.10461178932 0.0
0.10326520961 0.0
0.105407340823 0.0
0.0364166183356 0.0
0.0330199909091 0.0
0.0177935718929 -4.26478818147e-21
0.0524456965256 0.0
0.0330251679241 0.0
0.033248489455 0.0
0.0391680324852 0.0
0.0396938360832 0.0
0.0413497665006 0.0
0.0191353787748 -5.0295886193e-21
0.0524109240868 0.0
0.0174428706691 -3.39169447637e-21
0.0840875722388 0.0
0.052444326051 0.0
0.0184994781814 -4.20635820132e-21
0.200745539178 0.0
0.0384111645919 0.0
0.0179118337407 -4.34392476733e-21
0.0178055326512 -4.27368500444e-21
0.0354489115199 0.0
0.0364153885805 0.0
0.0238833864066 -3.8388398391e-21
0.0397341682463 0.0
1.0 0.0
0.0230287687613 -4.05312178684e-19
0.0191258293872 -4.24800444502e-21
0.0366557610148 0.0
0.154847855456 0.0
0.0600788499465 0.0
0.0222029089125 -4.22086178433e-21
0.0431455268358 0.0
0.155423505483 0.0
0.182948622405 0.0
0.20078901933 0.0
0.0373645009794 0.0
0.0399866304908 0.0
0.0384671209434 0.0
0.037150992749 0.0
0.207994714626 0.0
0.118905294569 0.0
0.115371287505 0.0
0.0215367820015 -6.40383733225e-21
0.0214824925345 -6.40456417752e-21
0.0412081633098 0.0
0.0548396791406 0.0
0.0396652405674 0.0
0.0413769980331 0.0
0.0421056716794 0.0
0.153615633775 0.0
0.150304702773 0.0
0.0427082943689 0.0
0.0444940272697 0.0
0.0793727690968 0.0
0.0566936583095 0.0
0.04592298822 0.0
0.0477978455836 0.0
0.105977358606 0.0
0.108983884202 0.0
0.0191681844166 -4.16090870154e-21
0.0179082667435 -4.3418473943e-21
0.204434423852 0.0
0.0266947443953 -3.81454844228e-21
0.10508548575 0.0
0.0415796382499 0.0
0.0434151582728 0.0
0.201435967349 0.0
0.0389111940228 0.0
0.0185136105717 -4.51503955962e-21
0.0189262937771 -4.71310542701e-21
0.157521545592 0.0
0.0178001844856 -4.27242840026e-21
0.0218575590757 -4.17733687317e-19
0.0184914677091 -4.2070138735e-21
1.0 0.0
0.0186759245544 -4.20540056578e-21
0.0176980812505 -2.72179584305e-21
0.0646996866617 0.0
0.0654934952623 0.0
0.065363799543 0.0
0.0295198770792 0.0
0.0219840775479 -2.42627114547e-21
0.0678328539233 0.0
0.0655382969991 0.0
0.0667415692878 0.0
0.0738932011363 0.0
0.0177512696405 -2.7644600083e-21
0.0656193466128 0.0
0.0728373307841 0.0
0.0733511775933 0.0
0.0235692524046 -2.35231075449e-21
0.13053010044 0.0
0.0766776437243 0.0
0.0752970329424 0.0
0.0239600262951 -2.35360528421e-21
0.0271873930419 0.0
0.0271555007435 0.0
0.0294765851159 0.0
0.0400350243535 0.0
0.0330668779747 0.0
1.0 0.0
0.0329195893895 0.0
0.0418167946543 0.0
0.498979938491 0.0
0.167862288294 0.0
0.0374394813137 0.0
0.0568382868523 0.0
0.0851419629641 0.0
0.0300550346664 0.0
0.132985102656 0.0
0.175454306101 0.0
0.134633550155 0.0
0.17014667971 0.0
0.0271877167339 0.0
0.0243785418919 -2.3515311042e-21
0.333521378238 0.0
0.167982600515 0.0
0.167333830648 0.0
1.0 0.0
0.333521378238 0.0
0.0247207016408 -2.32554672586e-21
0.175306801087 0.0
0.135480321054 0.0
0.137054150092 0.0
0.130319752721 0.0
0.167671943018 0.0
0.0399791349868 0.0
0.0455349513421 0.0
0.178915883847 0.0
0.0280355753656 -2.28569996173e-21
0.0225169284401 -2.41580485784e-21
0.0667453868667 0.0
0.07019277 0.0
0.0289344158061 0.0
0.04717598964 0.0
0.0513734163815 0.0
0.0420109375989 0.0
0.0531442144293 0.0
0.0568498488296 0.0
0.0788899223799 0.0
0.0303042756069 0.0
0.0380577221959 0.0
0.0272541750801 0.0
0.33340647602 0.0
0.0259116856774 0.0
0.176621783427 0.0
0.177498753978 0.0
0.159138660417 0.0
0.0875790376245 0.0
0.02614608246 0.0
0.01877135086 -2.59715635135e-21
0.0236140566731 0.0
0.0183477837724 -2.52892687174e-21
0.0235716470432 0.0
0.0178251193445 -2.46713619247e-21
0.0271136497685 0.0
0.0248484468643 0.0
0.0294515102157 0.0
0.0194393218424 -2.85719048459e-21
0.026809625889 0.0
0.0261515265541 0.0
0.0339240931195 0.0
0.0374962799318 0.0
0.0419313904176 0.0
0.0383792700522 0.0
0.034647861158 0.0
0.024741692473 0.0
0.0249631356894 0.0
0.0238883194794 0.0
0.0247411601837 0.0
0.0254260217448 0.0
0.0181761655054 -2.4852107746e-21
0.0247574876621 0.0
0.0248641264293 0.0
0.0280880838581 0.0
0.0256313413681 0.0
0.0702286435289 0.0
0.067991891737 0.0
0.023756214368 0.0
0.0179009342923 -2.47453692295e-21
0.0178396717394 -2.46628519723e-21
0.500647567031 0.0
0.0177381690385 -2.506511307e-21
0.500647567031 0.0
0.021985285029 -2.3240307566e-21
0.0135933180737 0.0
0.0221284535645 -4.08859650167e-19
0.0226056422645 -2.32093484158e-21
0.0375154846923 0.0
0.0374966831099 0.0
0.0135016214396 0.0
0.0135899762773 0.0
0.0135837363094 0.0
0.013573222205 0.0
0.0135893540042 0.0
0.0142519761363 0.0
0.0137968477539 0.0
0.013942898877 0.0
0.0222373052184 -2.34402666052e-21
0.0136020218987 0.0
0.0139363319106 0.0
0.0144813591184 0.0
0.0220208290603 -4.07931188738e-19
0.0217376107224 -2.35190193834e-21
0.0136916690993 0.0
0.0185707762599 0.0
0.0178146425375 -2.46623432768e-21
0.0157610074466 0.0
0.0220738477914 -4.07879965258e-19
0.02231987778 -2.34330220641e-21
0.0163244970161 0.0
0.021793605105 -4.09794649761e-19
0.0139242450675 0.0
0.0136184479299 0.0
0.0147158351527 0.0
0.015520256439 0.0
0.0195121454255 0.0
0.0178230567185 -2.46619129128e-21
0.0157961866561 0.0
0.0135927586692 0.0
0.0137135240659 0.0
0.0154182184583 0.0
0.0183955574974 0.0
0.0166344505369 0.0
0.0340209960963 0.0
0.0246995158673 0.0
0.0243261348063 0.0
0.0215387085978 -2.33089696357e-21
0.0184819149653 0.0
0.0160752761859 0.0
0.0200111120483 0.0
0.0266433954825 0.0
0.0308788196917 0.0
0.038755738732 0.0
0.0406821281618 0.0
0.0324160234495 0.0
0.0149330150366 0.0
0.018425882106 0.0
0.022559208591 0.0
0.0206297840909 0.0
0.0354952191769 0.0
0.0160655518242 0.0
0.0338155775005 0.0
0.032865897127 0.0
0.0180159325909 -2.45700652748e-21
0.0191556805896 -2.45115928512e-21
0.0208254682928 -2.37283487878e-21
0.0220324638513 -2.32761657472e-21
0.0243470597814 0.0
0.0228068151053 -4.06071328408e-19
0.0231692255997 -4.0571945987e-19
0.0257321433151 0.0
0.0263966197946 0.0
0.0222831458479 -2.3272540166e-21
0.0200497755882 0.0
0.0145769024844 0.0
0.0386385195038 0.0
0.0163621170141 0.0
0.0155775673731 0.0
0.0197639933412 0.0
0.014530917822 0.0
0.0161200028053 0.0
0.0161669266768 0.0
0.0141845355781 0.0
0.0135762300459 0.0
0.0224355384346 -2.34287962822e-21
0.0143843697048 0.0
0.0217726054215 -4.10022764377e-19
0.498979938491 0.0
0.0218817052246 -4.11331346985e-19
0.0178396321488 -2.46628419181e-21
0.0218389404752 -4.13849185789e-19
0.018195518781 -2.4851109411e-21
0.0219456070322 -4.10119502236e-19
0.110421612066 0.0
0.110087014608 0.0
0.0387576298305 0.0
0.109967636055 0.0
0.0310189870927 0.0
0.11079864646 0.0
0.0217885087852 -4.09954305611e-19
0.112643155897 0.0
0.0200602038311 0.0
0.111054081339 0.0
0.0568393952878 0.0
0.167664309317 0.0
0.0217990901446 -4.10729353642e-19
0.0224348325512 -4.09260839425e-19
0.0217960903255 -4.16675677137e-19
0.0218284982554 -4.23202216458e-19
0.0191774006244 -5.02914898839e-21
0.0218362370411 -4.17866800633e-19
0.017898055524 -4.31874873428e-21
0.021837862704 -4.177949437e-19
0.0179118747182 -4.34392439809e-21
0.023047525549 -4.05108134429e-19
0.0239945741933 -3.79394362465e-21
0.110342653961 0.0
0.023028458729 -4.05312442172e-19
0.0228303819084 -4.0869559891e-19
0.109976264743 0.0
0.035425547923 0.0
0.145222696229 0.0
0.0276737652571 -2.28745613762e-21
0.17889797947 0.0
0.0222006200888 -4.11306104145e-19
1.0 0.0
0.0459346610467 0.0
0.0235866932131 -4.04244383941e-19
1.0 0.0
0.114066429183 0.0
0.173515201147 0.0
0.0234784664441 -4.08014840722e-19
0.0259461220672 -2.30535103304e-21
0.144562166261 0.0
0.144603737044 0.0
0.144743036306 0.0
1.0 0.0
0.0219461874243 -2.32443955524e-21
0.0396765113964 0.0
0.0407178117745 0.0
0.038914566194 0.0
0.0230203485341 -2.32366716232e-21
0.0148961910428 0.0
0.0189438925713 0.0
0.0196485318621 0.0
0.0189482884115 0.0
0.024161500168 0.0
0.0606726502051 0.0
0.0306171957012 0.0
0.0306738783152 0.0
0.0306544490916 0.0
1.0 0.0
0.0313660665283 0.0
0.0469946247478 0.0
0.0316914293095 0.0
0.527863100801 0.0
0.527863100801 0.0
0.0138838680028 0.0
0.0135992556944 0.0
0.0135941828543 0.0
0.0135968162805 0.0
0.0136034775511 0.0
0.013598283261 0.0
0.0136033742976 0.0
0.0135966690452 0.0
0.013599393885 0.0
0.0135930915542 0.0
0.0135985037322 0.0
0.013593826963 0.0
0.0135932106447 0.0
0.0135923600848 0.0
0.165803021791 1.15792792021e-16
0.167408610639 8.19656842399e-17
0.165803021791 1.15792792021e-16
0.167408610639 8.19656842399e-17
0.165803021791 1.15792792021e-16
0.167408610639 8.19656842399e-17
0.249794545971 3.09439973645e-14
0.249789998052 -1.0288644936e-14
0.249794545971 3.09439973645e-14
0.249789998052 -1.0288644936e-14
0.169986195148 1.86482773668e-17
0.172428485507 3.90312782095e-18
0.169986195148 1.86482773668e-17
0.172428485507 3.90312782095e-18
0.250000103554 3.06709518894e-13
0.249999836991 1.78725957645e-13
0.250000103554 3.06709518894e-13
0.249999836991 1.78725957645e-13
0.153997825952 -5.94142790522e-17
0.156444254081 -8.67361737988e-18
0.239370518358 -6.07153216592e-18
0.245476009435 4.16333634234e-17
0.239370518358 -6.07153216592e-18
0.245476009435 4.16333634234e-17
0.25087515391 1.19695919842e-16
0.248610095857 5.94142790522e-17
0.25087515391 1.19695919842e-16
0.248610095857 5.94142790522e-17
0.25449460585 6.50521303491e-18
0.24450655136 2.64545330086e-17
0.25449460585 6.50521303491e-18
0.24450655136 2.64545330086e-17
0.499142369119 6.19643225619e-15
0.499039547145 4.49640324973e-15
0.472855603874 1.66533453694e-16
0.473750583657 1.66533453694e-16
0.107910758465 2.42861286637e-17
0.108427461521 1.04083408559e-17
0.38832628036 1.83880688454e-16
0.387734311105 2.60208521397e-16
0.138640637279 -3.64291929955e-17
0.140315847342 2.16840434497e-18
0.138640637279 -3.64291929955e-17
0.140315847342 2.16840434497e-18
0.249183225521 2.89698820488e-16
0.249610189741 4.7878367937e-16
0.249183225521 2.89698820488e-16
0.249610189741 4.7878367937e-16
0.496347589679 2.56739074445e-16
0.496071655763 -1.37390099297e-15
0.247419251662 -9.71445146547e-17
0.24740766595 1.04083408559e-16
0.247419251662 -9.71445146547e-17
0.24740766595 1.04083408559e-16
0.499404541514 2.33840724562e-15
0.499311596722 -5.59274848655e-15
0.498741144681 -1.30277733046e-15
0.498209825596 8.29197821517e-16
0.485772028445 -6.93889390391e-18
0.484654141932 -2.35922392733e-16
0.249879197501 1.28369537222e-16
0.249942349239 1.21430643318e-15
0.249879197501 1.28369537222e-16
0.249942349239 1.21430643318e-15
0.159875412205 -1.73472347598e-17
0.160539388218 -1.04083408559e-17
0.49978733469 6.55031584529e-15
0.499787578378 5.28466159722e-14
0.497737142131 -6.48786580015e-16
0.497593413512 -6.31439345256e-16
0.166539836433 3.24809623642e-14
0.166538817152 3.74977826567e-14
0.166539836433 3.24809623642e-14
0.166538817152 3.74977826567e-14
0.166539836433 3.24809623642e-14
0.166538817152 3.74977826567e-14
0.486396177709 1.18655085757e-15
0.486351841677 8.39606162373e-16
0.402039811302 -9.71445146547e-17
0.401564194415 -1.66533453694e-16
0.236951961567 -6.93889390391e-18
0.237531332236 3.12250225676e-17
0.236951961567 -6.93889390391e-18
0.237531332236 3.12250225676e-17
0.227552268209 1.39124822773e-15
0.227532349054 -1.78676518026e-16
0.149812065606 -1.90819582357e-16
0.149801073322 4.30211422042e-16
0.149812065606 -1.90819582357e-16
0.149801073322 4.30211422042e-16
0.0992129564913 1.17093834628e-17
0.0990397038441 -6.46184494801e-17
0.249987482686 2.48646589429e-14
0.249994290309 1.88139434587e-14
0.249987482686 2.48646589429e-14
0.249994290309 1.88139434587e-14
0.0117177832721 -3.42607886505e-17
0.0116742325253 -1.08420217249e-18
0.226765131084 0.0
0.226056754694 6.93889390391e-18
0.226765131084 0.0
0.226056754694 6.93889390391e-18
0.425402165273 4.16333634234e-17
0.424249532853 4.85722573274e-17
0.249602936128 2.44596010113e-16
0.249500256099 4.30211422042e-16
0.249602936128 2.44596010113e-16
0.249500256099 4.30211422042e-16
0.244880338389 -1.63064006742e-16
0.244482399795 -2.25514051877e-16
0.244880338389 -1.63064006742e-16
0.244482399795 -2.25514051877e-16
0.499790158862 -8.50014503229e-17
0.499692462722 -3.72878811161e-15
0.497626379709 -6.41847686111e-17
0.497154521913 -8.32667268469e-17
0.499912411649 4.79737777281e-15
0.499939907909 -7.71431529767e-15
0.251102525457 5.63785129692e-17
0.247218290303 7.8062556419e-18
0.250613031077 -2.86229373536e-17
0.246727927708 -1.82145964978e-17
0.311963908471 -1.38777878078e-17
0.31302364063 -6.59194920871e-17
0.39009693214 2.49800180541e-16
0.390453180031 3.3653635434e-16
0.250026693304 3.16456930105e-15
0.24995667819 5.8746410514e-15
0.250026693304 3.16456930105e-15
0.24995667819 5.8746410514e-15
0.249984534904 3.30646968139e-14
0.249977894105 2.60451382683e-14
0.249984534904 3.30646968139e-14
0.249977894105 2.60451382683e-14
0.235037213116 3.64291929955e-17
0.237219659802 2.94902990916e-17
0.235037213116 3.64291929955e-17
0.237219659802 2.94902990916e-17
0.385027537113 -3.46944695195e-18
0.384516961898 -6.24500451352e-17
0.345709377248 3.12250225676e-17
0.342409940738 2.08166817117e-17
0.496969634546 2.56739074445e-16
0.497890921446 3.29597460436e-16
0.498970438253 -4.59701721134e-17
0.498500250933 -2.06432093641e-16
0.315787121978 2.42861286637e-17
0.314676562035 7.6327832943e-17
0.248745453256 -9.98159888077e-15
0.248758815881 -8.09942390934e-15
0.249855120854 9.12638020711e-15
0.249868543093 1.31318567131e-15
0.499975625556 -1.22471477404e-14
0.499966989448 2.50632847809e-14
0.49592619642 3.98986399475e-16
0.49451119084 -2.77555756156e-17
0.497926520659 -1.02348685083e-15
0.497205300793 -8.39606162373e-16
0.499611819798 -3.08086889333e-15
0.49947669215 -6.12704331715e-15
0.499909518609 -9.12117603669e-15
0.499898404455 -2.58126853225e-15
0.496835942704 7.97972798949e-17
0.497083601443 -4.82253126322e-16
0.249988708011 2.38498457095e-14
0.249994671979 3.57990546929e-14
0.249988708011 2.38498457095e-14
0.249994671979 3.57990546929e-14
0.432839230174 -2.58040117052e-16
0.431812668193 -1.38777878078e-16
0.362340129084 -1.10154940725e-16
0.360610565253 -1.54390389362e-16
0.250000025506 -2.0810644874e-12
0.249999958022 -4.06447618617e-12
0.250000025506 -2.0810644874e-12
0.249999958022 -4.06447618617e-12
0.225946651971 -1.21430643318e-17
0.22577618034 7.2858385991e-17
0.222077118214 2.79637424327e-15
0.222086039727 1.65666091956e-15
0.222077118214 2.79637424327e-15
0.222086039727 1.65666091956e-15
0.416580892195 -6.93889390391e-18
0.416391563458 1.11022302463e-16
0.49854531381 -9.10729824888e-17
0.497866300317 -3.15719672628e-16
0.482445255858 -1.04083408559e-16
0.482902829477 -1.11022302463e-16
0.488282941818 -1.66533453694e-16
0.487921612661 -1.11022302463e-16
0.499998443081 5.4012350148e-13
0.500006914083 1.8513662825e-13
0.249473416591 1.05167610731e-17
0.248960963158 2.11419423635e-17
0.249473416591 1.05167610731e-17
0.248960963158 2.11419423635e-17
0.24828503878 1.56125112838e-17
0.250485469607 2.81892564846e-17
0.24828503878 1.56125112838e-17
0.250485469607 2.81892564846e-17
0.244710920537 -3.60822483003e-16
0.244572221248 -2.08166817117e-16
0.244710920537 -3.60822483003e-16
0.244572221248 -2.08166817117e-16
0.498657471669 -9.71445146547e-16
0.500639246462 -2.77555756156e-17
0.488863692253 4.68375338514e-17
0.492374584251 4.07660016855e-17
0.299628999055 7.6327832943e-17
0.299095901331 7.6327832943e-17
0.498024669429 3.72965547335e-17
0.497113300016 8.76035355368e-17
0.491461775197 -2.15105711021e-16
0.491768945829 1.52655665886e-16
0.201826408404 -5.11743425413e-17
0.201210828731 -6.07153216592e-18
0.485977249364 3.81639164715e-17
0.480617443321 -4.51028103754e-17
0.247628747558 8.67361737988e-19
0.246584609412 2.16840434497e-17
0.247628747558 8.67361737988e-19
0.246584609412 2.16840434497e-17
0.498197869069 -7.59808882478e-16
0.498496494865 -2.82759926584e-16
0.498550810153 -1.38777878078e-16
0.497878416545 1.38777878078e-16
0.497634141971 2.77555756156e-16
0.498326073994 -1.52655665886e-16
0.490594575322 1.04083408559e-16
0.491848715043 6.93889390391e-18
0.24994446595 5.20417042793e-17
0.250034764092 1.68615121865e-15
0.24994446595 5.20417042793e-17
0.250034764092 1.68615121865e-15
0.499928609257 9.03790930984e-15
0.499895320099 5.34901983817e-15
0.493908481861 1.2490009027e-16
0.494550229378 5.34294830601e-16
0.496350568357 -1.38777878078e-17
0.494950960565 2.60208521397e-16
0.24971137933 1.07552855511e-16
0.249361595829 -1.04083408559e-16
0.24971137933 1.07552855511e-16
0.249361595829 -1.04083408559e-16
0.471932433297 7.6327832943e-17
0.476348497115 6.24500451352e-17
0.480708608192 -6.93889390391e-17
0.482796669422 -7.97972798949e-17
0.490262031726 -1.73472347598e-15
0.490259748383 2.26207941267e-15
0.431910623755 8.04911692853e-16
0.431927629271 1.61676227961e-15
0.203163750326 3.64291929955e-17
0.201490399744 1.82145964978e-17
0.203163750326 3.64291929955e-17
0.201490399744 1.82145964978e-17
0.135513780945 4.85722573274e-16
0.135351146591 7.10369263413e-16
0.135513780945 4.85722573274e-16
0.135351146591 7.10369263413e-16
0.249266964703 -3.83720832886e-15
0.249830973273 -3.67761376907e-15
0.249266964703 -3.83720832886e-15
0.249830973273 -3.67761376907e-15
0.235330536782 1.38777878078e-17
0.205656163197 -3.46944695195e-18
0.250116741451 -5.01335084557e-16
0.249809592236 -2.87096735274e-16
0.250116741451 -5.01335084557e-16
0.249809592236 -2.87096735274e-16
0.480001108532 -6.93889390391e-18
0.472915750857 3.29597460436e-17
0.492612885445 1.28369537222e-16
0.491732620529 -2.01227923213e-16
0.418825909823 1.45716771982e-16
0.418759409171 1.5959455979e-16
0.298302918185 -1.5959455979e-16
0.298147647663 -6.10622663544e-16
0.283174972566 -1.80411241502e-16
0.283044712285 -2.8449465006e-16
0.486402798129 0.0
0.486238941042 -4.16333634234e-17
0.245809168716 2.94902990916e-17
0.244124581093 7.8062556419e-17
0.245809168716 2.94902990916e-17
0.244124581093 7.8062556419e-17
0.41445165758 1.65145674913e-15
0.41447705147 -4.4408920985e-16
0.249978889107 -4.39622296899e-15
0.249954294462 -2.27075303005e-15
0.249978889107 -4.39622296899e-15
0.249954294462 -2.27075303005e-15
0.49626153147 2.87964097012e-16
0.494596899329 2.35922392733e-16
0.491967624598 -3.12250225676e-17
0.490507512955 -2.70616862252e-16
0.499958006998 -2.78770062589e-15
0.49997158615 4.02716054948e-15
0.175904949168 -7.8062556419e-18
0.173284967148 -4.42354486374e-17
0.175904949168 -7.8062556419e-18
0.173284967148 -4.42354486374e-17
0.469881736226 -2.08600497986e-16
0.468600709736 -2.91867224833e-16
0.247513089959 2.04697370165e-16
0.247962019701 5.37764277553e-17
0.247513089959 2.04697370165e-16
0.247962019701 5.37764277553e-17
0.498946336694 -5.03069808033e-16
0.498478334892 -6.90419943439e-16
0.49993020431 5.42101086243e-15
0.499898846809 1.0973860709e-14
0.132400096975 -1.75640751943e-16
0.132164569754 2.68014777038e-16
0.132400096975 -1.75640751943e-16
0.132164569754 2.68014777038e-16
0.257310001543 -1.27849120179e-15
0.257073812026 -7.66747776382e-16
0.497959993211 -1.6826817717e-16
0.4970503822 2.49800180541e-16
0.476860191618 -3.59434704222e-15
0.476859442848 -4.38538094727e-15
0.498910151542 7.6327832943e-17
0.498429901191 -1.90819582357e-16
0.498526082488 6.48786580015e-16
0.497874505217 7.85829734617e-16
0.221190448166 3.29597460436e-17
0.220541402402 -3.81639164715e-17
0.221190448166 3.29597460436e-17
0.220541402402 -3.81639164715e-17
0.249762574087 1.43982048506e-16
0.247850373433 -3.46944695195e-18
0.249762574087 1.43982048506e-16
0.247850373433 -3.46944695195e-18
0.148045401962 6.15046208408e-15
0.148086534979 2.14758766326e-15
0.148045401962 6.15046208408e-15
0.148086534979 2.14758766326e-15
0.101858534727 1.12149872722e-15
0.101899622158 3.88925003314e-15
0.101858534727 1.12149872722e-15
0.101899622158 3.88925003314e-15
0.250270524703 3.78169717763e-16
0.249575145454 4.96130914129e-16
0.250270524703 3.78169717763e-16
0.249575145454 4.96130914129e-16
0.231664021915 -1.82145964978e-17
0.235117853153 -3.16587034366e-17
0.110833650737 1.73472347598e-18
0.11084051649 0.0
0.110833650737 1.73472347598e-18
0.11084051649 0.0
0.134370827318 -9.02056207508e-17
0.134370764125 -9.71445146547e-17
0.134370827318 -9.02056207508e-17
0.134370764125 -9.71445146547e-17
0.461656654643 4.16333634234e-17
0.46131467716 6.24500451352e-17
0.249989507921 6.7263902781e-16
0.249976317208 1.18178036801e-15
0.249989507921 6.7263902781e-16
0.249976317208 1.18178036801e-15
0.152369890462 -3.46944695195e-18
0.152570971551 -1.73472347598e-17
0.238237224953 -2.08166817117e-17
0.237783299378 -1.04083408559e-17
0.238237224953 -2.08166817117e-17
0.237783299378 -1.04083408559e-17
0.199941959165 1.21430643318e-17
0.194210517843 -8.67361737988e-18
0.199941959165 1.21430643318e-17
0.194210517843 -8.67361737988e-18
0.495560440721 -6.48092690625e-15
0.495554062573 1.98452365652e-15
0.495593418176 6.85215773011e-17
0.493532359165 4.33680868994e-17
0.243938959188 1.21430643318e-16
0.243265160849 9.71445146547e-17
0.243938959188 1.21430643318e-16
0.243265160849 9.71445146547e-17
0.4987819023 3.50414142147e-16
0.498668983413 4.92661467177e-16
0.24990722921 1.21430643318e-16
0.249935903327 -6.1235738702e-16
0.24990722921 1.21430643318e-16
0.249935903327 -6.1235738702e-16
0.494774272717 5.72458747072e-17
0.492336245378 -1.30104260698e-17
0.488901853067 -3.12250225676e-17
0.487523534918 -9.71445146547e-17
0.479502444779 3.46944695195e-17
0.481801774988 2.77555756156e-17
0.494647641378 3.59087759527e-16
0.493599883656 5.23886489745e-16
0.501020061509 5.13478148889e-16
0.501020061509 4.85722573274e-16
0.345991671516 -1.30451205393e-15
0.346095136328 1.31145094784e-15
0.34610655505 -1.72084568817e-15
0.346145316639 -1.87350135405e-15
0.492958284844 2.86229373536e-17
0.495213180813 3.98986399475e-17
0.487736997611 3.38271077815e-17
0.482228624475 2.42861286637e-17
0.499995011041 2.09044587196e-13
0.499992719921 6.66775662461e-14
0.477067706811 4.51028103754e-17
0.47275463142 -1.38777878078e-17
0.184999912175 1.18946952982e-12
0.184999676059 1.15586490032e-12
0.184999912175 1.18946952982e-12
0.184999676059 1.15586490032e-12
0.129999937591 -4.69159433525e-13
0.129999737103 3.17345542206e-13
0.498186436833 7.77156117238e-16
0.498698360786 8.98586760556e-16
0.478958922397 6.93889390391e-17
0.478987687889 1.2490009027e-16
0.492984209081 6.93889390391e-18
0.492315300659 -1.87350135405e-16
0.462790603345 4.09394740331e-16
0.462624916916 -3.95516952523e-16
0.35641719649 9.71445146547e-17
0.357259379465 -4.64905891562e-16
0.498444579141 -9.71445146547e-17
0.498869086247 1.00613961607e-16
0.497014182632 1.35308431126e-16
0.496404577596 1.63064006742e-16
0.49987640336 -1.32741040382e-14
0.499898980392 -9.5964902691e-15
0.249302258983 4.64905891562e-16
0.249429337896 1.3287981826e-15
0.249302258983 4.64905891562e-16
0.249429337896 1.3287981826e-15
0.306148556098 7.2858385991e-16
0.306083729199 9.50628464835e-16
0.49987640336 -1.32741040382e-14
0.499898980392 -9.5964902691e-15
0.499056097842 -5.85469173142e-17
0.497020605791 -1.32706345912e-16
0.395949820236 5.06539254985e-16
0.395692970397 -1.94289029309e-16
0.167590090635 2.42861286637e-17
0.167161931964 7.2858385991e-17
0.17317056685 2.15105711021e-16
0.174175203181 1.7694179455e-16
0.475476132661 -9.71445146547e-17
0.476789992405 -2.22044604925e-16
0.489131644132 5.89805981832e-17
0.484822706236 2.77555756156e-17
0.482052741813 2.42861286637e-17
0.474967092553 3.46944695195e-17
0.499994531129 6.61241894573e-14
0.499995993394 4.20427581638e-14
0.49799025196 1.38777878078e-16
0.497592366757 2.49800180541e-16
0.499986968903 7.42877981352e-14
0.499990340413 1.37390099297e-15
0.249630144734 2.79290479632e-16
0.250247795361 -4.94396190653e-17
0.249630144734 2.79290479632e-16
0.250247795361 -4.94396190653e-17
0.289937219656 1.38777878078e-17
0.290480911981 1.38777878078e-17
0.498207882724 3.72965547335e-17
0.497385960242 8.67361737988e-18
0.495279093777 -9.62771529167e-17
0.493100287785 -1.32706345912e-16
0.496116081108 -2.25514051877e-17
0.494418206616 -2.27248775353e-16
0.496762738434 -7.1991024253e-17
0.495245038159 1.14491749414e-16
0.498659908051 -4.1806835771e-16
0.498888201276 -7.71084585072e-16
0.433928768858 -1.6028844918e-15
0.433757480657 7.6327832943e-17
0.227795611188 2.42861286637e-17
0.228290118838 1.38777878078e-17
0.227795611188 2.42861286637e-17
0.228290118838 1.38777878078e-17
0.23653774751 1.3357370765e-16
0.237241154537 -1.73472347598e-18
0.23653774751 1.3357370765e-16
0.237241154537 -1.73472347598e-18
0.206527004647 -3.81639164715e-17
0.205423671745 8.67361737988e-18
0.206527004647 -3.81639164715e-17
0.205423671745 8.67361737988e-18
0.236021144365 -4.16333634234e-17
0.236029429375 -1.80411241502e-16
0.236021144365 -4.16333634234e-17
0.236029429375 -1.80411241502e-16
0.234666955898 -1.47451495458e-16
0.234425856637 -1.57859836314e-16
0.234666955898 -1.47451495458e-16
0.234425856637 -1.57859836314e-16
0.164144069563 2.25514051877e-17
0.164429005275 1.73472347598e-18
0.164144069563 2.25514051877e-17
0.164429005275 1.73472347598e-18
0.104659994783 -6.24500451352e-17
0.105399572142 -7.2858385991e-17
0.104659994783 -6.24500451352e-17
0.105399572142 -7.2858385991e-17
0.0531860970903 -2.08166817117e-17
0.0524981048993 -5.63785129692e-18
0.0531860970903 -2.08166817117e-17
0.0524981048993 -5.63785129692e-18
0.209158252799 8.84708972748e-17
0.208653368578 9.02056207508e-17
0.209158252799 8.84708972748e-17
0.208653368578 9.02056207508e-17
0.122826085328 2.77555756156e-17
0.122789832362 -3.08780778724e-16
0.122826085328 2.77555756156e-17
0.122789832362 -3.08780778724e-16
0.122826085328 2.77555756156e-17
0.122789832362 -3.08780778724e-16
0.122826085328 2.77555756156e-17
0.122789832362 -3.08780778724e-16
0.247731185031 5.70724023596e-16
0.24760497214 4.12864187282e-16
0.247731185031 5.70724023596e-16
0.24760497214 4.12864187282e-16
0.13673165189 -6.41847686111e-17
0.136707435971 4.28476698566e-16
0.13673165189 -6.41847686111e-17
0.136707435971 4.28476698566e-16
0.373064782883 -1.83880688454e-16
0.373082180934 3.22658566532e-16
0.244593585392 -1.17961196366e-16
0.243121469162 -3.98986399475e-17
0.244593585392 -1.17961196366e-16
0.243121469162 -3.98986399475e-17
0.225402833755 -1.73472347598e-17
0.225733499405 -1.73472347598e-18
0.225402833755 -1.73472347598e-17
0.225733499405 -1.73472347598e-18
0.252695352558 2.77555756156e-17
0.251796472839 1.04083408559e-17
0.0928592830101 -6.93889390391e-18
0.0924777127261 1.04083408559e-17
0.399631587544 7.6327832943e-17
0.400148250389 1.38777878078e-16
0.174981173439 -3.46944695195e-18
0.175109720456 -3.46944695195e-18
0.174981173439 -3.46944695195e-18
0.175109720456 -3.46944695195e-18
0.245585383058 1.14491749414e-16
0.245335631347 5.89805981832e-17
0.245585383058 1.14491749414e-16
0.245335631347 5.89805981832e-17
0.239189372533 2.77555756156e-17
0.238491682362 4.85722573274e-17
0.239189372533 2.77555756156e-17
0.238491682362 4.85722573274e-17
0.228145741045 -1.38777878078e-17
0.22928393136 1.73472347598e-17
0.228145741045 -1.38777878078e-17
0.22928393136 1.73472347598e-17
0.249984468002 3.15654620497e-15
0.2499656308 2.6281060661e-15
0.249984468002 3.15654620497e-15
0.2499656308 2.6281060661e-15
0.499997868147 1.19672327603e-12
0.499997782262 1.53138612902e-12
0.248733954202 -1.552577511e-16
0.249429487181 -2.27682456222e-16
0.248733954202 -1.552577511e-16
0.249429487181 -2.27682456222e-16
0.24763015809 -3.38271077815e-17
0.248358827161 -6.07153216592e-18
0.24763015809 -3.38271077815e-17
0.248358827161 -6.07153216592e-18
0.167088419125 -3.42174205636e-16
0.16704527593 -4.30645102911e-16
0.24998495722 -5.30686605771e-14
0.249985070607 -1.36217426228e-13
0.24998495722 -5.30686605771e-14
0.249985070607 -1.36217426228e-13
0.249789890183 -8.08381139805e-16
0.24978673635 -2.70963806948e-15
0.249789890183 -8.08381139805e-16
0.24978673635 -2.70963806948e-15
0.427459811984 3.90312782095e-16
0.427436116494 -1.64451785523e-15
0.405173947398 -1.8700319071e-15
0.405193351173 -2.24473217791e-15
0.49972322168 -1.44155520854e-15
0.499591814141 -1.40339129207e-15
0.228431657125 1.7694179455e-16
0.228264706063 1.49186218934e-16
0.228431657125 1.7694179455e-16
0.228264706063 1.49186218934e-16
0.247021207275 -2.08166817117e-16
0.247047109426 6.45317133063e-16
0.247021207275 -2.08166817117e-16
0.247047109426 6.45317133063e-16
0.241350237827 -2.08166817117e-16
0.241481089088 3.0184188482e-16
0.241350237827 -2.08166817117e-16
0.241481089088 3.0184188482e-16
0.218094785624 5.20417042793e-17
0.218551801822 1.02348685083e-16
0.218094785624 5.20417042793e-17
0.218551801822 1.02348685083e-16
0.250012112803 3.60085225526e-15
0.249980100172 3.12900746979e-15
0.250012112803 3.60085225526e-15
0.249980100172 3.12900746979e-15
0.249754426296 3.84709625267e-13
0.249754491505 -1.03007880004e-14
0.249754426296 3.84709625267e-13
0.249754491505 -1.03007880004e-14
0.499352432969 2.23432383706e-15
0.499352432969 6.91113832829e-15
0.228911575945 -8.32667268469e-17
0.228784801915 -5.89805981832e-17
0.228911575945 -8.32667268469e-17
0.228784801915 -5.89805981832e-17
0.245678987988 -1.38777878078e-17
0.239254370312 5.20417042793e-18
0.245678987988 -1.38777878078e-17
0.239254370312 5.20417042793e-18
0.223516331944 9.23740250958e-17
0.222479526081 4.07660016855e-17
0.223375228563 -1.10154940725e-16
0.222339078359 -1.62196645004e-16
0.248402718305 -3.07132791422e-15
0.248469565723 -1.27502175484e-16
0.248402718305 -3.07132791422e-15
0.248469565723 -1.27502175484e-16
0.00722999586603 -3.72748706901e-16
0.00723010482717 4.63496428738e-16
0.00722999586603 -3.72748706901e-16
0.00723010482717 4.63496428738e-16
0.00722999586603 -3.72748706901e-16
0.00723010482717 4.63496428738e-16
0.00722999586603 -3.72748706901e-16
0.00723010482717 4.63496428738e-16
0.457759501874 -4.82253126322e-16
0.460598568412 9.36750677027e-17
0.426403663809 7.97972798949e-17
0.424505035226 -8.32667268469e-17
0.123245844186 4.16333634234e-17
0.124194461401 4.33680868994e-19
0.249958606083 1.97411531566e-15
0.24996257336 6.76889100326e-15
0.249958606083 1.97411531566e-15
0.24996257336 6.76889100326e-15
0.218759899365 -9.88792381307e-17
0.218139668119 -1.90819582357e-17
0.249500707854 -5.36029554077e-16
0.249282029402 -2.89698820488e-16
0.249500707854 -5.36029554077e-16
0.249282029402 -2.89698820488e-16
0.437166840489 4.85722573274e-17
0.436896197462 1.49186218934e-16
0.0209716516644 2.71050543121e-17
0.0209543846057 -3.68628738645e-17
0.0385281732481 7.1991024253e-17
0.0385108961232 1.92554305833e-16
0.249921682172 1.92554305833e-15
0.249905491575 5.16947595841e-16
0.249921682172 1.92554305833e-15
0.249905491575 5.16947595841e-16
0.100153459977 3.95516952523e-16
0.100138336539 8.56953397133e-16
0.100153459977 3.95516952523e-16
0.100138336539 8.56953397133e-16
0.100153459977 3.95516952523e-16
0.100138336539 8.56953397133e-16
0.393282189126 -1.71737624122e-16
0.393264860288 -2.02095284951e-15
0.0597732439522 8.67361737988e-19
0.0593363211344 2.60208521397e-18
0.0597732439522 8.67361737988e-19
0.0593363211344 2.60208521397e-18
0.243636847173 5.55111512313e-17
0.243554100643 4.85722573274e-17
0.0270599711276 1.82145964978e-17
0.0270423096812 5.63785129692e-18
0.234944483347 -5.20417042793e-17
0.234811633287 -4.16333634234e-17
0.407214240042 9.67975699595e-16
0.407086872965 5.89805981832e-16
0.0319786787815 -1.4658413372e-16
0.0319781332299 -7.02563007771e-17
0.194490116006 -2.77555756156e-16
0.194489568159 5.41233724505e-16
0.346967080849 1.49533163629e-15
0.3469429446 1.03042574473e-15
0.446109472449 1.74166236988e-15
0.446112159621 -3.74700270811e-16
0.249323639957 -1.04517089428e-16
0.249131107607 -2.14672030152e-16
0.249323639957 -1.04517089428e-16
0.249131107607 -2.14672030152e-16
0.257468817695 1.30451205393e-15
0.257465708665 1.25593979661e-15
0.249894660251 1.87241715188e-16
0.249762078563 2.28332977525e-16
0.249894660251 1.87241715188e-16
0.249762078563 2.28332977525e-16
0.237953498593 5.75928194024e-16
0.237930358853 3.33066907388e-16
0.237953498593 5.75928194024e-16
0.237930358853 3.33066907388e-16
0.0836235214388 -2.82759926584e-16
0.0836146649452 -3.1918911958e-16
0.0836235214388 -2.82759926584e-16
0.0836146649452 -3.1918911958e-16
0.097559716904 -1.17961196366e-16
0.0975311211918 -5.20417042793e-17
0.240127701191 4.38885039422e-16
0.24014825585 1.60114976833e-15
0.240127701191 4.38885039422e-16
0.24014825585 1.60114976833e-15
0.111406298401 -5.89805981832e-17
0.111292066125 -4.16333634234e-17
0.463462513185 6.19296280924e-16
0.463528909412 -1.45716771982e-16
0.143979688084 6.07153216592e-18
0.144809310086 5.42101086243e-17
0.143979688084 6.07153216592e-18
0.144809310086 5.42101086243e-17
0.143979688084 6.07153216592e-18
0.144809310086 5.42101086243e-17
0.449903436052 9.28944421386e-16
0.44976294111 1.60114976833e-15
0.163090155495 1.10154940725e-16
0.162751760109 6.07153216592e-18
0.452341443277 8.98586760556e-16
0.452276326167 8.30932544993e-16
0.165577512084 -1.17093834628e-16
0.165405591953 3.46944695195e-17
0.433253774386 4.25007251614e-17
0.433101087344 1.30971622436e-16
0.34623707098 2.04697370165e-16
0.346130400587 2.77555756156e-17
0.209470445663 -6.93889390391e-18
0.20894258286 -2.86229373536e-17
0.394252879183 1.56125112838e-17
0.393942715819 -3.22658566532e-16
0.48401023563 -7.49400541622e-16
0.482603027134 -9.99200722163e-16
0.269782703121 1.2490009027e-16
0.275721865739 3.12250225676e-17
0.516111115934 -1.38777878078e-17
0.49551643952 6.59194920871e-17
0.248296851538 7.93635990259e-17
0.249811373352 -6.07153216592e-17
0.248296851538 7.93635990259e-17
0.249811373352 -6.07153216592e-17
0.0981492333542 -7.89299181569e-17
0.0969615508152 -5.11743425413e-17
0.249215675024 -5.09575021068e-17
0.248849712998 5.37764277553e-17
0.249215675024 -5.09575021068e-17
0.248849712998 5.37764277553e-17
0.249650344053 1.76724954115e-16
0.249487824085 2.17707796235e-16
0.249650344053 1.76724954115e-16
0.249487824085 2.17707796235e-16
0.498482290004 5.33427468863e-17
0.498972778841 -1.00613961607e-16
0.500002957893 -1.52508214391e-14
0.499988921506 -7.69089653074e-15
0.249770696301 -9.18102399661e-16
0.249436756435 -1.08767161944e-15
0.249770696301 -9.18102399661e-16
0.249436756435 -1.08767161944e-15
0.353223194633 -2.51534904017e-16
0.353181809393 -3.89445420357e-15
0.211080884828 -1.38777878078e-17
0.210970645222 -3.46944695195e-17
0.249994582386 1.79945034567e-15
0.249987595027 8.6020600365e-16
0.249994582386 1.79945034567e-15
0.249987595027 8.6020600365e-16
0.324427705031 -4.16333634234e-17
0.323912764681 -2.08166817117e-17
0.249951327191 7.12103986888e-16
0.24988944833 3.76651834721e-16
0.249951327191 7.12103986888e-16
0.24988944833 3.76651834721e-16
0.244255099535 3.81639164715e-17
0.24373407736 6.41847686111e-17
0.244255099535 3.81639164715e-17
0.24373407736 6.41847686111e-17
0.227475788949 1.07552855511e-16
0.227405929676 6.59194920871e-17
0.227475788949 1.07552855511e-16
0.227405929676 6.59194920871e-17
0.173310556658 4.85722573274e-17
0.180557687858 9.02056207508e-17
0.356017216251 -1.47451495458e-16
0.355819648354 1.52308721191e-15
0.324513101944 2.42861286637e-17
0.324108299382 4.85722573274e-17
0.224401495867 3.81639164715e-17
0.224673347631 3.46944695195e-17
0.239709968337 6.93889390391e-17
0.2397405488 5.55111512313e-17
0.247337434078 -2.32799890476e-15
0.24789480187 -3.45209971719e-15
0.247337434078 -2.32799890476e-15
0.24789480187 -3.45209971719e-15
0.214926615755 -1.38777878078e-17
0.214771935826 4.85722573274e-17
0.214926615755 -1.38777878078e-17
0.214771935826 4.85722573274e-17
0.142921873641 8.67361737988e-18
0.142496152775 3.81639164715e-17
0.142921873641 8.67361737988e-18
0.142496152775 3.81639164715e-17
0.467362375655 1.94289029309e-16
0.467311869424 -1.38777878078e-17
0.499602212233 2.33320307519e-16
0.499412522233 1.70002900646e-16
0.249874932998 4.97648797171e-17
0.249717852316 1.10805462028e-16
0.249874932998 4.97648797171e-17
0.249717852316 1.10805462028e-16
0.219800520393 2.77555756156e-17
0.219758031821 -1.04083408559e-16
0.219800520393 2.77555756156e-17
0.219758031821 -1.04083408559e-16
0.34070388707 1.73472347598e-17
0.341598660412 3.81639164715e-17
0.38266411916 1.38777878078e-17
0.38277440283 1.38777878078e-17
0.317742333879 -4.71844785466e-16
0.317718811121 -1.03389519168e-15
0.249829807328 5.07406616723e-17
0.249924502136 7.38341679463e-17
0.249829807328 5.07406616723e-17
0.249924502136 7.38341679463e-17
0.213905416454 -1.11022302463e-16
0.214016018447 -1.45716771982e-16
0.213905416454 -1.11022302463e-16
0.214016018447 -1.45716771982e-16
0.0921088402985 9.97465998687e-18
0.0933293067805 -1.12757025938e-17
0.495504067527 5.98479599212e-17
0.493431536446 -1.82145964978e-17
0.246818126879 -7.97972798949e-17
0.246885604774 3.57353036051e-16
0.246818126879 -7.97972798949e-17
0.246885604774 3.57353036051e-16
0.248801474291 -3.46944695195e-18
0.249638246051 1.04083408559e-17
0.237474013309 -5.20417042793e-17
0.23702010918 -6.24500451352e-17
0.237474013309 -5.20417042793e-17
0.23702010918 -6.24500451352e-17
0.298657356394 0.0
0.298689290836 2.08166817117e-17
0.484899233773 1.86482773668e-17
0.477865221454 -2.51534904017e-17
0.464831463552 -1.25767452008e-16
0.464012423923 -1.16660153759e-16
0.250494425114 1.64798730218e-17
0.249226017797 1.01481323345e-16
0.250494425114 1.64798730218e-17
0.249226017797 1.01481323345e-16
0.234467563431 3.43475248243e-16
0.233773049565 8.37004077159e-17
0.234467563431 3.43475248243e-16
0.233773049565 8.37004077159e-17
0.500555429533 8.41340885849e-17
0.498030125912 7.89299181569e-17
0.249753980369 -1.66967134563e-17
0.249449618083 1.34874750257e-16
0.249753980369 -1.66967134563e-17
0.249449618083 1.34874750257e-16
0.247612590774 4.33680868994e-18
0.248369487267 -2.62376925741e-17
0.247612590774 4.33680868994e-18
0.248369487267 -2.62376925741e-17
0.24999233993 3.54360638055e-15
0.249982692555 -9.9616495608e-16
0.24999233993 3.54360638055e-15
0.249982692555 -9.9616495608e-16
0.243442544794 1.07552855511e-16
0.243649300191 -5.55111512313e-17
0.243442544794 1.07552855511e-16
0.243649300191 -5.55111512313e-17
0.403196291251 -7.6327832943e-17
0.402390301634 -8.32667268469e-17
0.123163032034 1.56125112838e-17
0.122339651346 1.04083408559e-17
0.167727412916 -3.12250225676e-17
0.166951633597 -3.46944695195e-18
0.167727412916 -3.12250225676e-17
0.166951633597 -3.46944695195e-18
0.30374306005 2.25514051877e-16
0.303442325056 6.93889390391e-18
0.141690742173 1.08420217249e-17
0.141115491184 -3.90312782095e-18
0.395540479961 -3.50414142147e-16
0.395151984392 -7.2858385991e-17
0.248742125723 -2.37657116209e-16
0.248715124783 -3.62990887348e-16
0.248742125723 -2.37657116209e-16
0.248715124783 -3.62990887348e-16
0.440213825851 1.02001740387e-15
0.440264783122 4.92661467177e-16
0.488774833715 1.14491749414e-16
0.489995759315 -3.46944695195e-17
0.499999191546 9.64380485191e-13
0.499998841005 -4.78964090611e-13
0.496515841909 -1.18828558104e-16
0.494914105137 -8.41340885849e-17
0.249994245787 -6.82418531406e-15
0.249987259777 -1.16135399908e-14
0.249994245787 -6.82418531406e-15
0.249987259777 -1.16135399908e-14
0.340095145846 3.46944695195e-18
0.340438996852 1.87350135405e-16
0.147220488555 1.02348685083e-16
0.147424354806 1.02348685083e-16
0.147220488555 1.02348685083e-16
0.147424354806 1.02348685083e-16
0.434617575766 5.89805981832e-17
0.434378883752 5.20417042793e-17
0.271545019626 -1.38777878078e-17
0.270629851825 -1.38777878078e-17
0.393379497347 -4.16333634234e-17
0.392577900189 -3.98986399475e-17
0.249631372913 -1.07552855511e-16
0.249248507936 -9.84455572617e-17
0.249631372913 -1.07552855511e-16
0.249248507936 -9.84455572617e-17
0.132456788659 -2.16840434497e-17
0.131310725218 -2.86229373536e-17
0.369720946983 3.46944695195e-17
0.369373969771 4.16333634234e-17
0.395986697829 -1.38777878078e-17
0.396172370823 3.60822483003e-16
0.45783941482 2.42861286637e-16
0.45752420453 7.97972798949e-17
0.250716958852 5.33427468863e-17
0.248824208505 -5.20417042793e-18
0.250716958852 5.33427468863e-17
0.248824208505 -5.20417042793e-18
0.248578708997 8.93382590128e-17
0.243936413708 6.93889390391e-17
0.248578708997 8.93382590128e-17
0.243936413708 6.93889390391e-17
0.391573484269 -5.98479599212e-17
0.391305549056 -6.15826833972e-17
0.223671015259 1.01047642476e-16
0.223272306029 1.08420217249e-17
0.507643533488 -3.81639164715e-17
0.498091399129 -3.60822483003e-16
0.383369819771 -9.02056207508e-17
0.383240304444 -7.6327832943e-17
0.249832413351 -1.61112442831e-16
0.249630587354 3.82072845584e-16
0.249832413351 -1.61112442831e-16
0.249630587354 3.82072845584e-16
0.249358535023 -1.24466409401e-16
0.249714512541 -1.98408997565e-16
0.249358535023 -1.24466409401e-16
0.249714512541 -1.98408997565e-16
0.249345141737 3.03576608296e-18
0.248533729055 6.20163642662e-17
0.249345141737 3.03576608296e-18
0.248533729055 6.20163642662e-17
0.218578451028 4.85722573274e-17
0.21570533217 1.90819582357e-16
0.218578451028 4.85722573274e-17
0.21570533217 1.90819582357e-16
0.250492964876 -5.00988139862e-15
0.250071615321 -9.61036805691e-16
0.250492964876 -5.00988139862e-15
0.250071615321 -9.61036805691e-16
0.224100807857 -5.30825383649e-16
0.223401963389 -5.55111512313e-17
0.224100807857 -5.30825383649e-16
0.223401963389 -5.55111512313e-17
0.266770608699 -1.04083408559e-16
0.26900844055 1.73472347598e-17
0.20261173829 -2.35922392733e-16
0.203658655938 -3.46944695195e-18
0.20261173829 -2.35922392733e-16
0.203658655938 -3.46944695195e-18
0.212872690823 1.83880688454e-16
0.214001021137 8.32667268469e-17
0.212872690823 1.83880688454e-16
0.214001021137 8.32667268469e-17
0.150362655139 2.01227923213e-16
0.15422221406 1.07552855511e-16
0.150362655139 2.01227923213e-16
0.15422221406 1.07552855511e-16
0.106910479793 -1.2490009027e-16
0.110760508231 -1.38777878078e-17
0.106910479793 -1.2490009027e-16
0.110760508231 -1.38777878078e-17
0.531425661032 -8.32667268469e-17
0.4915928996 -1.45716771982e-16
0.125183414419 4.2674197509e-16
0.125738863568 2.25514051877e-16
0.125183414419 4.2674197509e-16
0.125738863568 2.25514051877e-16
0.38786455169 -2.19962936754e-15
0.387995430165 -9.36750677027e-16
0.222743105744 -3.64291929955e-16
0.222941196425 -1.14491749414e-16
0.361782208317 1.5092094241e-15
0.36135815458 -2.44249065418e-15
0.2797909089 3.88578058619e-16
0.279979714666 1.06512021425e-15
0.25373290877 1.14491749414e-16
0.247177341452 3.46944695195e-17
0.25373290877 1.14491749414e-16
0.247177341452 3.46944695195e-17
0.250207791497 -6.24500451352e-17
0.248832392157 -1.28369537222e-16
0.250207791497 -6.24500451352e-17
0.248832392157 -1.28369537222e-16
0.496725186555 -6.07847105982e-15
0.496710503884 2.874089855e-14
0.10731668321 7.1557343384e-18
0.10645894015 -1.60461921528e-17
0.25174771406 2.22044604925e-16
0.248693825519 8.32667268469e-17
0.25174771406 2.22044604925e-16
0.248693825519 8.32667268469e-17
0.2502426893 -5.58580959265e-15
0.249818831638 -6.49133524711e-15
0.2502426893 -5.58580959265e-15
0.249818831638 -6.49133524711e-15
0.513363871868 -5.10008701937e-16
0.496361595222 -1.52655665886e-16
0.521575695112 -5.20417042793e-17
0.494141132091 -1.56125112838e-17
0.235344275615 -9.36750677027e-17
0.234490181169 -3.15719672628e-16
0.235344275615 -9.36750677027e-17
0.234490181169 -3.15719672628e-16
0.236198290433 -3.05311331772e-16
0.235994376398 6.24500451352e-17
0.236198290433 -3.05311331772e-16
0.235994376398 6.24500451352e-17
0.249548058971 -1.32532873565e-15
0.249505292294 -4.23272528138e-15
0.249548058971 -1.32532873565e-15
0.249505292294 -4.23272528138e-15
0.355120119241 -5.89805981832e-17
0.32458143157 6.93889390391e-18
0.361514177606 -1.83880688454e-16
0.3520486399 2.08166817117e-17
0.493676373565 -2.46330733589e-16
0.494182591903 -1.21430643318e-16
0.266277735751 -1.17961196366e-16
0.252169589104 -3.46944695195e-17
0.266277735751 -1.17961196366e-16
0.252169589104 -3.46944695195e-17
0.472136899199 -1.2490009027e-16
0.472136899199 -1.11022302463e-16
0.542779892034 -4.16333634234e-16
0.559113673018 -2.77555756156e-16
0.247765483934 -1.21430643318e-17
0.250703205456 1.04083408559e-17
0.247765483934 -1.21430643318e-17
0.250703205456 1.04083408559e-17
0.598075005712 2.22044604925e-16
0.596972070408 -5.55111512313e-17
0.283359062983 2.3037127761e-15
0.278604798511 1.11022302463e-15
0.283359062983 2.3037127761e-15
0.278604798511 1.11022302463e-15
0.449039830635 1.73472347598e-16
0.448902710232 2.49800180541e-16
0.249971807056 -8.18789480661e-16
0.249970978068 3.15025783237e-15
0.249971807056 -8.18789480661e-16
0.249970978068 3.15025783237e-15
0.466477596296 -3.0253577421e-15
0.46646662021 -1.88044024796e-15
0.178407216479 -5.06539254985e-16
0.178400010058 -3.40005801291e-16
0.447163858142 1.28369537222e-16
0.447017998379 -6.93889390391e-17
0.348819726891 9.08995101412e-16
0.348823483176 2.42861286637e-16
0.249947967389 -1.10350097116e-15
0.249884836595 -4.79651041108e-16
0.249947967389 -1.10350097116e-15
0.249884836595 -4.79651041108e-16
1.0 -3.53931438305e-17
0.5 1.9630481764e-17
0.5 1.9630481764e-17
0.5 -4.29609475736e-16
0.5 -4.29609475736e-16
0.124931602219 -2.9436088983e-17
0.124997134993 1.7021974108e-17
0.124931602219 -2.9436088983e-17
0.124997134993 1.7021974108e-17
0.124931602219 -2.9436088983e-17
0.124997134993 1.7021974108e-17
0.124931602219 -2.9436088983e-17
0.124997134993 1.7021974108e-17
0.241072727752 7.49400541622e-16
0.240825081816 1.03389519168e-15
0.142488302444 1.4661882819e-14
0.142515350328 4.85028683883e-15
0.142488302444 1.4661882819e-14
0.142515350328 4.85028683883e-15
0.263464278181 -1.07067132937e-14
0.26356727569 -1.34198208102e-14
0.389897797041 -5.77315972805e-15
0.389955382174 7.20257187226e-15
0.220046017932 6.70991040508e-15
0.220061006927 9.63118473862e-15
0.112917017345 2.96290769697e-15
0.112888339324 -3.30985239216e-15
0.112917017345 2.96290769697e-15
0.112888339324 -3.30985239216e-15
0.421388038137 5.21527265818e-14
0.421313716067 6.08471606434e-14
0.173633716814 2.11324013843e-14
0.173616595035 3.53224394178e-14
0.485507461433 -6.54212795048e-13
0.485505823989 -1.83862647329e-12
0.474231726256 -3.40283357048e-14
0.474220586558 3.37577188425e-14
0.2544194025 3.24046345312e-15
0.254260328831 2.34881558647e-15
0.473547256063 -3.85039222728e-14
0.473554215677 2.08860706508e-15
0.0764468195697 1.45716771982e-15
0.0764304994855 -2.63677968348e-15
0.248305533622 3.8429676108e-13
0.248303094666 2.2704754743e-13
0.248305533622 3.8429676108e-13
0.248303094666 2.2704754743e-13
0.193219698368 -1.17808540701e-13
0.193223739109 -1.15171761017e-13
0.193219698368 -1.17808540701e-13
0.193223739109 -1.15171761017e-13
0.20899191692 2.50979792504e-14
0.208974096178 -9.44383460322e-15
0.20899191692 2.50979792504e-14
0.208974096178 -9.44383460322e-15
0.111337199053 3.88578058619e-16
0.111318496197 -1.20875531806e-14
0.0972108120761 5.16947595841e-15
0.0971945568711 1.06997743998e-14
0.474057617406 1.87020537945e-13
0.474052287458 -1.17336695915e-14
0.481945911493 1.86323179108e-13
0.481941327814 -1.20362053657e-13
0.159648858489 -5.7259752495e-14
0.159651475931 -5.75789416146e-14
0.159648858489 -5.7259752495e-14
0.159651475931 -5.75789416146e-14
0.159648858489 -5.7259752495e-14
0.159651475931 -5.75789416146e-14
0.110385103978 9.59093915398e-14
0.110381770595 5.80091530367e-14
0.166399407545 6.77360945112e-13
0.166400598209 7.23192339347e-13
0.324388099786 1.51600954013e-13
0.324390907273 -1.06803454969e-12
0.21291048421 -7.59808882478e-16
0.212917535013 1.43418263376e-14
0.21291048421 -7.59808882478e-16
0.212917535013 1.43418263376e-14
