1.0 0.0
0.0 0.0
0.0 0.0
0.0 0.0
0.0 0.0
1.0 0.0
0.0 0.0
0.0 0.0
0.0 0.0
0.0 0.0
1.0 0.0
0.0 0.0
0.0 0.0
0.0 0.0
0.0 0.0
0.0 0.0
1.0 0.0
0.0 0.0
0.0 0.0
0.0 0.0
0.0 0.0
1.0 0.0
0.0 0.0
0.0 0.0
0.0 0.0
0.0 0.0
1.0 0.0
0.0 0.0
0.0 0.0
0.0 0.0
0.0 0.0
0.0 0.0
1.0 0.0
0.0 0.0
0.0 0.0
0.0 0.0
0.0 0.0
1.0 0.0
0.0 0.0
0.0 0.0
0.0 0.0
0.0 0.0
1.0 0.0
0.0 0.0
0.0 0.0
0.0 0.0
0.0 0.0
0.0 0.0
1.0 0.0
0.0 0.0
0.0 0.0
0.0 0.0
0.0 0.0
1.0 0.0
0.0 0.0
0.0 0.0
0.0 0.0
0.0 0.0
1.0 0.0
0.0 0.0
0.0 0.0
0.0 0.0
0.0 0.0
0.0 0.0
1.0 0.0
0.0 0.0
0.0 0.0
0.0 0.0
0.0 0.0
1.0 0.0
0.0 0.0
0.0 0.0
0.0 0.0
0.0 0.0
1.0 0.0
0.0 0.0
-1.61289260769 18.0709804412
0.0 0.0
1.61289260769 -18.0038304412
0.0 0.0
0.0 0.0
-1.61289260769 18.0709804412
0.0 0.0
1.61289260769 -18.0038304412
0.0 0.0
0.0 0.0
1.61289260769 -18.0038304412
0.0 0.0
-1.61289260769 18.0709804412
0.0 0.0
0.0 0.0
1.61289260769 -18.0038304412
0.0 0.0
-1.61289260769 18.0709804412
0.0 0.0
-1.2134612726 6.47034885711
0.0 0.0
0.0 0.0
1.2134612726 -6.34189885711
0.0 0.0
-1.2134612726 6.47034885711
0.0 0.0
0.0 0.0
1.2134612726 -6.34189885711
0.0 0.0
1.2134612726 -6.34189885711
0.0 0.0
0.0 0.0
-1.2134612726 6.47034885711
0.0 0.0
1.2134612726 -6.34189885711
0.0 0.0
0.0 0.0
-1.2134612726 6.47034885711
0.0 0.0
-1.2134612726 6.47034885711
0.0 0.0
0.0 0.0
1.2134612726 -6.34189885711
0.0 0.0
-1.2134612726 6.47034885711
0.0 0.0
0.0 0.0
1.2134612726 -6.34189885711
0.0 0.0
1.2134612726 -6.34189885711
0.0 0.0
0.0 0.0
-1.2134612726 6.47034885711
0.0 0.0
1.2134612726 -6.34189885711
0.0 0.0
0.0 0.0
-1.2134612726 6.47034885711
0.0 0.0
0.0 0.0
0.0 0.0
-2.87235193399 19.0992751974
0.0 0.0
2.87235193399 -17.9566251974
0.0 0.0
0.0 0.0
-2.87235193399 19.0992751974
0.0 0.0
2.87235193399 -17.9566251974
0.0 0.0
0.0 0.0
2.87235193399 -17.9566251974
0.0 0.0
-2.87235193399 19.0992751974
0.0 0.0
0.0 0.0
2.87235193399 -17.9566251974
0.0 0.0
-2.87235193399 19.0992751974
0.0 0.0
0.0 0.0
-2.87235193399 19.0992751974
0.0 0.0
2.87235193399 -17.9566251974
0.0 0.0
0.0 0.0
-2.87235193399 19.0992751974
0.0 0.0
2.87235193399 -17.9566251974
0.0 0.0
0.0 0.0
2.87235193399 -17.9566251974
0.0 0.0
-2.87235193399 19.0992751974
0.0 0.0
0.0 0.0
2.87235193399 -17.9566251974
0.0 0.0
-2.87235193399 19.0992751974
