0.00844954465497 0.0
0.0082336176584 0.0
0.00820903929884 0.0
0.00886533659214 0.0
0.00823790616833 0.0
0.00826594061501 0.0
0.00831720960579 0.0
0.00965132760061 0.0
0.00822102212822 0.0
0.0402478865347 0.0
0.00883007810485 0.0
0.00902536533213 0.0
0.00924548137819 0.0
0.00896801201965 0.0
0.00852207030914 0.0
0.00871030522953 0.0
0.00887111474925 0.0
0.00862173475659 0.0
0.00860998952236 0.0
0.00891118566542 -1.68237649342e-20
0.00858117927835 0.0
0.0101940321372 0.0
0.00941906112678 0.0
0.00895661026999 8.40647554139e-21
0.00923743410323 0.0
0.00993643180502 0.0
0.0137175433633 0.0
0.0147048048873 0.0
0.269748518674 0.0
0.010853645366 0.0
0.00903425778117 -8.47989647433e-21
0.012873535716 0.0
0.0145602084405 0.0
0.0136827969007 0.0
0.0154827755808 0.0
0.0088954491474 0.0
0.0152244913969 0.0
0.014350345769 0.0
0.0145128192551 0.0
0.0088987243285 -8.41538444532e-21
0.0145227170133 0.0
0.00880763211148 0.0
0.0155395138029 0.0
0.0211623991942 0.0
0.0164829298208 0.0
0.0382060184388 0.0
0.0137894041936 0.0
0.0152921245918 0.0
0.00821511631163 0.0
0.0150449373098 0.0
0.0428651714765 0.0
0.00908888840069 -8.46692524292e-21
0.00884549530744 8.41614057717e-21
0.00913102055673 0.0
0.011080993435 0.0
0.012883484779 0.0
0.00855513588178 0.0
0.0441640562451 0.0
0.0145231462354 0.0
0.016522254588 0.0
0.259202434223 0.0
0.260653654756 0.0
0.00885439038778 0.0
0.0139915635671 0.0
0.00904711121387 0.0
0.00912544561353 -8.42761124127e-21
0.0162776412587 0.0
0.0165886059753 0.0
0.0166487588941 0.0
0.0165895889457 0.0
0.0160008525802 0.0
0.009860969859 0.0
0.0146250975769 0.0
0.0133009423104 0.0
0.0108751433263 0.0
0.00839333003749 0.0
0.00838648423331 0.0
0.00843205665303 0.0
1.0 0.0
0.00929291394227 0.0
0.259342540526 0.0
0.00912935676059 0.0
0.00835739232615 0.0
0.0084220442163 0.0
0.00834522958407 0.0
0.00893562442861 8.40525023782e-21
0.00893554173205 1.68110761626e-20
0.00893746823733 8.40555505515e-21
0.00936670921683 0.0
0.015512391226 0.0
0.016418459524 0.0
0.0375004153694 0.0
0.00954767820655 0.0
0.00892156989853 8.40521947396e-21
0.044351974929 0.0
0.0442073740387 0.0
0.0520328670198 0.0
0.0454822955033 0.0
0.0439415588355 0.0
0.0441579569811 0.0
0.0612552165723 0.0
0.0521414387697 0.0
0.00824948102061 0.0
0.00823798210009 0.0
0.00825484730305 0.0
0.00821471075123 0.0
0.0448234832194 0.0
0.0443679679878 0.0
0.0443414345708 0.0
0.0444362021761 0.0
0.0446615367429 0.0
0.0443503779057 0.0
0.044002802682 0.0
0.499873351593 0.0
0.0441330286318 0.0
0.0441996076424 0.0
0.0444847898325 0.0
0.499873351593 0.0
0.0441805844979 0.0
0.00825484730305 0.0
0.0442131808646 0.0
1.0 0.0
0.00975251849901 0.0
0.00830768615163 0.0
0.0444299346644 0.0
0.0444870642986 0.0
0.511508193138 0.0
0.511508193138 0.0
0.0344685600162 -4.07587295933e-20
0.0337301056449 -4.86823552072e-20
0.00888179331859 1.70009246339e-20
0.0324371745327 -4.96736049493e-20
0.0301680612085 -5.35327827484e-20
0.0304217371036 -4.92214665732e-20
0.0307299914493 -4.9378477906e-20
0.0324801830983 -4.91647050776e-20
0.0331302553963 -5.35638149345e-20
0.00880973722342 0.0
0.00876264959537 8.57611563055e-21
0.0306054435181 -5.70893006728e-20
0.0381807941631 0.0
0.0302471813445 0.0
0.0245335045675 0.0
0.0205627469843 0.0
0.0320863819928 0.0
0.0322085771099 -6.03780767586e-20
0.0538953171803 0.0
0.00897143875655 8.97204219026e-21
0.0360522334978 -8.15650565432e-20
0.0548711379003 -7.27809880363e-20
0.0325515723549 -4.55245577776e-20
0.0347917624545 -9.44579558139e-20
0.0090320235511 0.0
0.0326599442512 -7.73503622851e-20
0.0326613060266 -7.54141922526e-20
0.33373326163 0.0
0.0306788886356 -6.25016576404e-20
0.0306919121317 -6.90856003474e-20
0.0318000625765 -6.40958380893e-20
0.0327523546555 -5.93400679243e-20
0.0307152149351 -6.44338378504e-20
0.0523848622852 0.0
0.0523465287595 0.0
0.0488883944651 0.0
0.0435110672721 0.0
0.0317280050498 -6.45321971177e-20
0.0308765067677 -6.60867787715e-20
0.0496688880383 0.0
0.0509922872731 0.0
0.0358452305346 -4.46554431538e-20
0.00892743678152 0.0
0.00901118508898 8.49906711628e-21
0.0582594448805 0.0
0.0328516448245 -6.70441654614e-20
0.0344186618221 -4.89634574554e-20
0.0352995139178 -4.02232766013e-20
0.0349828009741 -4.50809521498e-20
0.0341242033868 -4.45309195529e-20
0.0366134452552 -4.42100255469e-20
0.0343121178269 0.0
0.0428104268712 0.0
1.0 0.0
0.0410917603422 -4.02601033406e-20
0.0332980891838 -5.80170251634e-20
0.277839561189 0.0
0.254923567399 0.0
0.258270325444 0.0
0.255711059711 0.0
0.0537762877248 0.0
0.333619629827 0.0
0.334064898676 0.0
0.0362631009844 -9.33327742182e-20
0.00920548547883 8.59691137711e-21
0.0353285329849 -9.51991157185e-20
1.0 0.0
0.0307301641617 -5.38689395576e-20
0.0530804866201 0.0
0.0136583935205 0.0
0.0215586041405 0.0
0.00891985959128 0.0
0.00876316045538 0.0
0.00959724181064 0.0
0.00874799664741 0.0
0.00885076886481 0.0
0.00922946462956 0.0
0.00980258878085 0.0
0.0530637592028 0.0
0.0581452673034 0.0
0.0675279072136 0.0
0.0796037629559 0.0
0.0144294834434 0.0
0.0124946296249 0.0
0.0130369039169 0.0
0.0134446870552 0.0
0.0124112483053 0.0
0.0121750463039 0.0
0.0125046186196 0.0
0.103713174852 0.0
0.0895786837131 0.0
0.0660862406 0.0
0.0449310341579 0.0
0.0480408350357 0.0
0.0488443709162 0.0
0.00872898063631 0.0
0.00873836880301 0.0
0.0092075240253 -8.39036304026e-21
0.00922685326866 0.0
0.00873136529731 0.0
0.00854229887903 0.0
0.00909531472923 8.39390740222e-21
0.00851499161269 0.0
0.0458398273422 0.0
0.00851886619591 0.0
0.00886933314352 0.0
0.00912511400371 -8.36841758333e-21
0.00848957838436 0.0
0.00860643214568 0.0
0.00867341855177 0.0
0.00867744290723 0.0
0.009503346121 0.0
0.00869863059535 0.0
0.00839776334782 0.0
0.00840342822836 0.0
0.00876419725945 0.0
0.00946939214492 0.0
0.00858817287332 0.0
0.150792181496 0.0
0.0460844412237 0.0
0.0150320366956 0.0
0.00858219726873 0.0
0.00849102832723 0.0
0.00920329173509 0.0
0.0264657145917 0.0
0.00891236554325 0.0
0.00881925159503 0.0
0.0089297049743 0.0
0.0672453564577 0.0
0.0461736682321 0.0
0.00865448817515 0.0
0.0105689600661 0.0
0.00847318472083 0.0
0.00849066900764 0.0
0.122725456204 0.0
0.0468183108069 0.0
0.0461763107141 0.0
0.0461336244193 0.0
0.0462834875455 0.0
0.0490762763573 0.0
0.046282374883 0.0
0.0153100321415 0.0
0.00876403213209 0.0
0.0118856613574 0.0
0.0131470597201 0.0
0.132619015641 0.0
0.135076416469 0.0
0.00854116140919 0.0
0.00855578593647 0.0
0.00878989613755 0.0
0.00980367000849 0.0
0.0136143574297 0.0
0.0658470375535 0.0
0.00877025451527 0.0
0.00999589833777 8.3786334118e-21
0.0126259988846 0.0
0.00960137742595 8.3652924655e-21
0.00877443378514 0.0
0.00861336129038 0.0
0.00911202141167 0.0
0.00889721018907 -8.64593247208e-21
0.00903112990607 8.9170449959e-21
0.00900255873131 8.65936910101e-21
0.00887676729269 0.0
0.008737058394 8.55152751272e-21
0.00846506591515 0.0
0.00974883558393 -8.34952572754e-21
0.00853349811081 0.0
0.00851724472092 0.0
0.00920413892694 8.357904814e-21
0.00897578897684 8.97898819928e-21
0.0362079158203 -9.93516331782e-20
0.00929733669646 0.0
