0.00844954465497 0.0
0.0082336176584 0.0
0.00820903929884 0.0
0.00886533659214 0.0
0.00823790616833 0.0
0.00826594061501 0.0
0.00831720960579 0.0
0.00965132760061 0.0
0.00822102212822 0.0
0.0402478865347 0.0
0.00883007810485 0.0
0.00902536533213 0.0
0.00924548137819 0.0
0.00896801201965 0.0
0.00852207030914 0.0
0.00871030522953 0.0
0.00887111474925 0.0
0.00862173475659 0.0
0.00860998952236 0.0
0.00891118566542 -1.68237649342e-20
0.00858117927835 0.0
0.0101940321372 0.0
0.00941906112678 0.0
0.00895661026999 8.40647554139e-21
0.00923743410323 0.0
0.00993643180502 0.0
0.0137175433633 0.0
0.0147048048873 0.0
0.269748518674 0.0
0.010853645366 0.0
0.00903425778117 -8.47989647433e-21
0.012873535716 0.0
0.0145602084405 0.0
0.0136827969007 0.0
0.0154827755808 0.0
0.0088954491474 0.0
0.0152244913969 0.0
0.014350345769 0.0
0.0145128192551 0.0
0.0088987243285 -8.41538444532e-21
0.0145227170133 0.0
0.00880763211148 0.0
0.0155395138029 0.0
0.0211623991942 0.0
0.0164829298208 0.0
0.0382060184388 0.0
0.0137894041936 0.0
0.0152921245918 0.0
0.00821511631163 0.0
0.0150449373098 0.0
0.0428651714765 0.0
0.00908888840069 -8.46692524292e-21
0.00884549530744 8.41614057717e-21
0.00913102055673 0.0
0.011080993435 0.0
0.012883484779 0.0
0.00855513588178 0.0
0.0441640562451 0.0
0.0145231462354 0.0
0.016522254588 0.0
0.259202434223 0.0
0.260653654756 0.0
0.00885439038778 0.0
0.0139915635671 0.0
0.00904711121387 0.0
0.00912544561353 -8.42761124127e-21
0.0162776412587 0.0
0.0165886059753 0.0
0.0166487588941 0.0
0.0165895889457 0.0
0.0160008525802 0.0
0.009860969859 0.0
0.0146250975769 0.0
0.0133009423104 0.0
0.0108751433263 0.0
0.00839333003749 0.0
0.00838648423331 0.0
0.00843205665303 0.0
1.0 0.0
0.00929291394227 0.0
0.259342540526 0.0
0.00912935676059 0.0
0.00835739232615 0.0
0.0084220442163 0.0
0.00834522958407 0.0
0.00893562442861 8.40525023782e-21
0.00893554173205 1.68110761626e-20
0.00893746823733 8.40555505515e-21
0.00936670921683 0.0
0.015512391226 0.0
0.016418459524 0.0
0.0375004153694 0.0
0.00954767820655 0.0
0.00892156989853 8.40521947396e-21
0.044351974929 0.0
0.0442073740387 0.0
0.0520328670198 0.0
0.0454822955033 0.0
0.0439415588355 0.0
0.0441579569811 0.0
0.0612552165723 0.0
0.0521414387697 0.0
0.00824948102061 0.0
0.00823798210009 0.0
0.00825484730305 0.0
0.00821471075123 0.0
0.0448234832194 0.0
0.0443679679878 0.0
0.0443414345708 0.0
0.0444362021761 0.0
0.0446615367429 0.0
0.0443503779057 0.0
0.044002802682 0.0
0.499873351593 0.0
0.0441330286318 0.0
0.0441996076424 0.0
0.0444847898325 0.0
0.499873351593 0.0
0.0441805844979 0.0
0.00825484730305 0.0
0.0442131808646 0.0
1.0 0.0
0.00975251849901 0.0
0.00830768615163 0.0
0.0444299346644 0.0
0.0444870642986 0.0
0.511508193138 0.0
0.511508193138 0.0
0.0344685600162 -4.07587295933e-20
0.0337301056449 -4.86823552072e-20
0.00888179331859 1.70009246339e-20
0.0324371745327 -4.96736049493e-20
0.0301680612085 -5.35327827484e-20
0.0304217371036 -4.92214665732e-20
0.0307299914493 -4.9378477906e-20
0.0324801830983 -4.91647050776e-20
0.0331302553963 -5.35638149345e-20
0.00880973722342 0.0
0.00876264959537 8.57611563055e-21
0.0306054435181 -5.70893006728e-20
0.0381807941631 0.0
0.0302471813445 0.0
0.0245335045675 0.0
0.0205627469843 0.0
0.0320863819928 0.0
0.0322085771099 -6.03780767586e-20
0.0538953171803 0.0
0.00897143875655 8.97204219026e-21
0.0360522334978 -8.15650565432e-20
0.0548711379003 -7.27809880363e-20
0.0325515723549 -4.55245577776e-20
0.0347917624545 -9.44579558139e-20
0.0090320235511 0.0
0.0326599442512 -7.73503622851e-20
0.0326613060266 -7.54141922526e-20
0.33373326163 0.0
0.0306788886356 -6.25016576404e-20
0.0306919121317 -6.90856003474e-20
0.0318000625765 -6.40958380893e-20
0.0327523546555 -5.93400679243e-20
0.0307152149351 -6.44338378504e-20
0.0523848622852 0.0
0.0523465287595 0.0
0.0488883944651 0.0
0.0435110672721 0.0
0.0317280050498 -6.45321971177e-20
0.0308765067677 -6.60867787715e-20
0.0496688880383 0.0
0.0509922872731 0.0
0.0358452305346 -4.46554431538e-20
0.00892743678152 0.0
0.00901118508898 8.49906711628e-21
0.0582594448805 0.0
0.0328516448245 -6.70441654614e-20
0.0344186618221 -4.89634574554e-20
0.0352995139178 -4.02232766013e-20
0.0349828009741 -4.50809521498e-20
0.0341242033868 -4.45309195529e-20
0.0366134452552 -4.42100255469e-20
0.0343121178269 0.0
0.0428104268712 0.0
1.0 0.0
0.0410917603422 -4.02601033406e-20
0.0332980891838 -5.80170251634e-20
0.277839561189 0.0
0.254923567399 0.0
0.258270325444 0.0
0.255711059711 0.0
0.0537762877248 0.0
0.333619629827 0.0
0.334064898676 0.0
0.0362631009844 -9.33327742182e-20
0.00920548547883 8.59691137711e-21
0.0353285329849 -9.51991157185e-20
1.0 0.0
0.0307301641617 -5.38689395576e-20
0.0530804866201 0.0
0.0136583935205 0.0
0.0215586041405 0.0
0.00891985959128 0.0
0.00876316045538 0.0
0.00959724181064 0.0
0.00874799664741 0.0
0.00885076886481 0.0
0.00922946462956 0.0
0.00980258878085 0.0
0.0530637592028 0.0
0.0581452673034 0.0
0.0675279072136 0.0
0.0796037629559 0.0
0.0144294834434 0.0
0.0124946296249 0.0
0.0130369039169 0.0
0.0134446870552 0.0
0.0124112483053 0.0
0.0121750463039 0.0
0.0125046186196 0.0
0.103713174852 0.0
0.0895786837131 0.0
0.0660862406 0.0
0.0449310341579 0.0
0.0480408350357 0.0
0.0488443709162 0.0
0.00872898063631 0.0
0.00873836880301 0.0
0.0092075240253 -8.39036304026e-21
0.00922685326866 0.0
0.00873136529731 0.0
0.00854229887903 0.0
0.00909531472923 8.39390740222e-21
0.00851499161269 0.0
0.0458398273422 0.0
0.00851886619591 0.0
0.00886933314352 0.0
0.00912511400371 -8.36841758333e-21
0.00848957838436 0.0
0.00860643214568 0.0
0.00867341855177 0.0
0.00867744290723 0.0
0.009503346121 0.0
0.00869863059535 0.0
0.00839776334782 0.0
0.00840342822836 0.0
0.00876419725945 0.0
0.00946939214492 0.0
0.00858817287332 0.0
0.150792181496 0.0
0.0460844412237 0.0
0.0150320366956 0.0
0.00858219726873 0.0
0.00849102832723 0.0
0.00920329173509 0.0
0.0264657145917 0.0
0.00891236554325 0.0
0.00881925159503 0.0
0.0089297049743 0.0
0.0672453564577 0.0
0.0461736682321 0.0
0.00865448817515 0.0
0.0105689600661 0.0
0.00847318472083 0.0
0.00849066900764 0.0
0.122725456204 0.0
0.0468183108069 0.0
0.0461763107141 0.0
0.0461336244193 0.0
0.0462834875455 0.0
0.0490762763573 0.0
0.046282374883 0.0
0.0153100321415 0.0
0.00876403213209 0.0
0.0118856613574 0.0
0.0131470597201 0.0
0.132619015641 0.0
0.135076416469 0.0
0.00854116140919 0.0
0.00855578593647 0.0
0.00878989613755 0.0
0.00980367000849 0.0
0.0136143574297 0.0
0.0658470375535 0.0
0.00877025451527 0.0
0.00999589833777 8.3786334118e-21
0.0126259988846 0.0
0.00960137742595 8.3652924655e-21
0.00877443378514 0.0
0.00861336129038 0.0
0.00911202141167 0.0
0.00889721018907 -8.64593247208e-21
0.00903112990607 8.9170449959e-21
0.00900255873131 8.65936910101e-21
0.00887676729269 0.0
0.008737058394 8.55152751272e-21
0.00846506591515 0.0
0.00974883558393 -8.34952572754e-21
0.00853349811081 0.0
0.00851724472092 0.0
0.00920413892694 8.357904814e-21
0.00897578897684 8.97898819928e-21
0.106489929049 1.56125112838e-17
0.106561179345 1.21430643318e-17
0.333897384643 -1.04083408559e-17
0.333408472664 -3.46944695195e-18
0.124910800807 2.86229373536e-17
0.125270368675 5.20417042793e-18
0.402821687944 -1.38777878078e-16
0.402913100769 4.85722573274e-17
0.246729477364 -2.19529255885e-15
0.246769733741 -1.94375765483e-15
0.273937692345 -2.34187669257e-16
0.273964422267 2.30718222305e-16
0.109860359729 -3.98986399475e-17
0.109638498773 -4.59701721134e-17
0.0948471482607 -1.84531209757e-16
0.0947904228327 -3.89011739488e-16
0.0905804565052 -9.07910899239e-16
0.0905385042645 -4.15899953365e-16
0.202185507435 1.1622647289e-16
0.202105039991 -4.33680868994e-17
0.202185507435 1.1622647289e-16
0.202105039991 -4.33680868994e-17
0.120519969488 -4.33680868994e-16
0.120501801167 3.29597460436e-16
0.120519969488 -4.33680868994e-16
0.120501801167 3.29597460436e-16
0.120519969488 -4.33680868994e-16
0.120501801167 3.29597460436e-16
0.120519969488 -4.33680868994e-16
0.120501801167 3.29597460436e-16
0.222536135223 3.12814010806e-15
0.222527266192 -4.52502618709e-15
0.222536135223 3.12814010806e-15
0.222527266192 -4.52502618709e-15
0.241236291642 6.22765727876e-16
0.241219930811 3.00887786908e-15
0.241236291642 6.22765727876e-16
0.241219930811 3.00887786908e-15
0.194702774295 -1.14491749414e-16
0.193436092104 -9.71445146547e-17
0.187894326047 -4.33680868994e-17
0.188190330283 -3.90312782095e-16
0.187894326047 -4.33680868994e-17
0.188190330283 -3.90312782095e-16
0.190750056842 -3.3219954565e-16
0.190783124826 3.17454396104e-16
0.249790721884 -2.44975914554e-13
0.24979059682 -2.69680111575e-13
0.249790721884 -2.44975914554e-13
0.24979059682 -2.69680111575e-13
0.384078393144 -1.77809156288e-16
0.383796875436 -6.60929644347e-16
0.117158276533 -3.90746462964e-16
0.11707790088 1.8561541193e-16
0.117158276533 -3.90746462964e-16
0.11707790088 1.8561541193e-16
0.117158276533 -3.90746462964e-16
0.11707790088 1.8561541193e-16
0.117158276533 -3.90746462964e-16
0.11707790088 1.8561541193e-16
0.0848071204289 7.8062556419e-18
0.0834365053773 5.20417042793e-18
0.0848071204289 7.8062556419e-18
0.0834365053773 5.20417042793e-18
0.40866431662 3.81639164715e-17
0.408307668 8.32667268469e-17
0.217244596518 -2.94902990916e-17
0.217134793828 8.32667268469e-17
0.217244596518 -2.94902990916e-17
0.217134793828 8.32667268469e-17
0.120060080159 -2.92734586571e-17
0.120967466549 -3.33934269126e-17
0.391397837725 -6.35342473077e-17
0.392458625306 3.68628738645e-18
0.105265566446 2.12503625807e-17
0.104759932503 1.12757025938e-17
0.105265566446 2.12503625807e-17
0.104759932503 1.12757025938e-17
0.105265566446 2.12503625807e-17
0.104759932503 1.12757025938e-17
0.105265566446 2.12503625807e-17
0.104759932503 1.12757025938e-17
0.170645280597 -9.06393016198e-17
0.169687970531 -5.11743425413e-17
0.170645280597 -9.06393016198e-17
0.169687970531 -5.11743425413e-17
0.248692782683 -2.22044604925e-16
0.249091978123 -7.8062556419e-17
0.248692782683 -2.22044604925e-16
0.249091978123 -7.8062556419e-17
0.249577219363 5.83300768797e-17
0.249066575386 4.20670442924e-17
0.249577219363 5.83300768797e-17
0.249066575386 4.20670442924e-17
0.196640458979 -3.64291929955e-17
0.19633732464 0.0
0.281819575608 2.49800180541e-16
0.282252904563 2.15105711021e-16
0.184295514287 8.67361737988e-18
0.183659731855 1.56125112838e-17
0.184295514287 8.67361737988e-18
0.183659731855 1.56125112838e-17
0.112886942882 1.21430643318e-17
0.113514445892 -1.47451495458e-17
0.238058203094 7.70217223334e-16
0.238141396091 6.30571983518e-16
0.238058203094 7.70217223334e-16
0.238141396091 6.30571983518e-16
0.129577748374 7.4593109467e-17
0.12932601191 2.60208521397e-18
0.246964142457 1.50053580672e-15
0.246975835513 8.9685203708e-16
0.246964142457 1.50053580672e-15
0.246975835513 8.9685203708e-16
0.500027902335 -1.31925720348e-15
0.499852194336 -7.48533179884e-16
0.120596323544 3.03576608296e-17
0.121242506949 -2.45029690982e-17
0.338365904112 4.33680868994e-17
0.338868835983 2.08166817117e-17
0.347045733728 -9.86623976962e-17
0.346771269621 6.09321620937e-16
0.0473148050269 -7.97972798949e-17
0.0471697301585 -5.98479599212e-17
0.211126390542 7.98840160687e-16
0.211042323799 2.38524477947e-16
0.211126390542 7.98840160687e-16
0.211042323799 2.38524477947e-16
0.246082219451 3.17454396104e-16
0.246211177189 2.08166817117e-16
0.422258597442 -6.53123388705e-15
0.422438110203 -1.04083408559e-17
0.189326339374 -2.42861286637e-16
0.189841021042 1.25073562618e-15
0.236051662694 -1.5595164049e-15
0.236079848684 -1.70002900646e-15
0.236051662694 -1.5595164049e-15
0.236079848684 -1.70002900646e-15
0.212964830861 2.7582103268e-16
0.213007828016 -4.28476698566e-16
0.212964830861 2.7582103268e-16
0.213007828016 -4.28476698566e-16
0.141472004316 0.0
0.140719839496 1.73472347598e-18
0.152403317721 -1.56125112838e-17
0.151154774838 -1.5959455979e-16
0.154429490106 1.04083408559e-17
0.150949905759 9.36750677027e-17
0.154429490106 1.04083408559e-17
0.150949905759 9.36750677027e-17
0.155939947003 -1.64798730218e-16
0.157455936218 -3.12250225676e-17
0.248984860947 -1.90819582357e-17
0.25052110565 -4.64038529824e-17
0.248984860947 -1.90819582357e-17
0.25052110565 -4.64038529824e-17
0.17353177045 9.36750677027e-17
0.173790583833 7.4593109467e-17
0.125186526792 -8.89045781438e-18
0.124451784443 -6.46184494801e-17
0.125186526792 -8.89045781438e-18
0.124451784443 -6.46184494801e-17
0.125186526792 -8.89045781438e-18
0.124451784443 -6.46184494801e-17
0.125186526792 -8.89045781438e-18
0.124451784443 -6.46184494801e-17
0.256647774445 2.7582103268e-16
0.255628688401 1.91686944095e-16
0.218528800229 -5.89805981832e-17
0.218703423824 -3.64291929955e-17
0.145310592769 -6.59194920871e-17
0.143214838545 -8.67361737988e-18
0.478537947881 -9.36750677027e-17
0.478436078452 3.46944695195e-17
0.387937816354 6.87384177356e-17
0.381570657318 3.01408203951e-17
0.165022185946 -1.17093834628e-17
0.158175062748 2.60208521397e-18
0.450385312454 -3.46944695195e-17
0.448734728592 4.85722573274e-17
0.491160063975 1.31838984174e-16
0.493104848103 3.43475248243e-16
0.225297902619 -5.20417042793e-18
0.222164322788 -1.04083408559e-17
0.225297902619 -5.20417042793e-18
0.222164322788 -1.04083408559e-17
0.472189395505 9.71445146547e-17
0.472158231913 3.46944695195e-16
0.120970559064 -8.67361737988e-18
0.124673824021 -3.46944695195e-18
0.125110382054 -1.73472347598e-18
0.129271756008 2.08166817117e-17
0.125110382054 -1.73472347598e-18
0.129271756008 2.08166817117e-17
0.362587207121 3.98986399475e-17
0.359984553545 1.56125112838e-17
0.464384193279 9.71445146547e-17
0.46353816351 -1.07552855511e-16
0.311100456316 -2.77555756156e-17
0.312520307398 -2.08166817117e-17
0.233540186757 1.04083408559e-17
0.232460978025 -6.93889390391e-18
0.233540186757 1.04083408559e-17
0.232460978025 -6.93889390391e-18
0.333451853798 -6.93889390391e-18
0.334004698407 1.04083408559e-17
0.249729142635 3.61689844741e-16
0.25016355295 4.15032591627e-16
0.249729142635 3.61689844741e-16
0.25016355295 4.15032591627e-16
0.249675021662 3.81465692367e-15
0.249627788477 1.33226762955e-15
0.249675021662 3.81465692367e-15
0.249627788477 1.33226762955e-15
0.354127945967 -8.15320033709e-17
0.356446101465 1.73472347598e-17
0.248880592724 3.46944695195e-18
0.250288928368 -2.94902990916e-17
0.248880592724 3.46944695195e-18
0.250288928368 -2.94902990916e-17
0.225930938021 0.0
0.225669090007 -3.81639164715e-17
0.225930938021 0.0
0.225669090007 -3.81639164715e-17
0.197647486702 -8.63024929298e-17
0.195723121351 -3.20923843056e-17
0.197647486702 -8.63024929298e-17
0.195723121351 -3.20923843056e-17
0.100721109828 1.22558213578e-15
0.100704481685 1.28976690439e-15
0.100721109828 1.22558213578e-15
0.100704481685 1.28976690439e-15
0.100721109828 1.22558213578e-15
0.100704481685 1.28976690439e-15
0.100721109828 1.22558213578e-15
0.100704481685 1.28976690439e-15
0.152091478149 -2.64545330086e-17
0.150545015439 -3.46944695195e-17
0.0603004775424 8.41991407152e-16
0.0602854858148 4.4408920985e-16
0.0603004775424 8.41991407152e-16
0.0602854858148 4.4408920985e-16
0.224367713762 -4.16333634234e-17
0.225925781727 2.08166817117e-17
0.224367713762 -4.16333634234e-17
0.225925781727 2.08166817117e-17
0.10247267248 1.38777878078e-17
0.106563040779 3.46944695195e-18
0.10247267248 1.38777878078e-17
0.106563040779 3.46944695195e-18
0.236009074015 1.21430643318e-17
0.227082592668 3.29597460436e-17
0.238150018755 1.1407541578e-14
0.238149394948 1.24344978758e-14
0.238150018755 1.1407541578e-14
0.238149394948 1.24344978758e-14
0.148410143341 -1.90819582357e-17
0.141202822232 6.93889390391e-18
0.148410143341 -1.90819582357e-17
0.141202822232 6.93889390391e-18
0.364229553765 -1.56125112838e-17
0.365468533221 -1.37043154602e-16
0.174879907536 -1.73472347598e-17
0.170435854177 -7.2858385991e-17
0.496727470827 3.15719672628e-15
0.496764382806 -2.82412981889e-15
0.484431443645 1.12757025938e-16
0.492203968142 6.24500451352e-17
0.465773387452 -2.94902990916e-17
0.462673670892 -6.07153216592e-17
0.318512350359 1.79717352111e-15
0.318503272668 -7.56339435526e-16
0.242865170115 -3.1918911958e-16
0.242904449358 7.6327832943e-17
0.339830892015 2.0435042547e-15
0.339805882381 -5.27355936697e-16
0.165142334356 6.15826833972e-17
0.165228387926 1.43982048506e-16
0.249331348317 -3.31332183912e-16
0.249464835 -2.29850860567e-16
0.249331348317 -3.31332183912e-16
0.249464835 -2.29850860567e-16
0.370030861682 -3.55618312575e-17
0.371535333591 -7.93635990259e-17
0.314422513332 -1.7694179455e-16
0.314086954306 -2.18575157973e-16
0.249369239318 -4.38017677684e-17
0.250335548403 7.02563007771e-17
0.249369239318 -4.38017677684e-17
0.250335548403 7.02563007771e-17
0.247792178732 -3.03576608296e-18
0.251265626651 8.89045781438e-18
0.247792178732 -3.03576608296e-18
0.251265626651 8.89045781438e-18
0.228668766544 -7.2858385991e-17
0.235046283357 -7.6327832943e-17
0.229332807969 5.20417042793e-18
0.229095326142 -8.15320033709e-17
0.229332807969 5.20417042793e-18
0.229095326142 -8.15320033709e-17
0.25096175601 -2.94902990916e-17
0.248132619392 -7.5894152074e-18
0.25096175601 -2.94902990916e-17
0.248132619392 -7.5894152074e-18
0.495317554305 -4.81385764584e-17
0.489055937699 -4.81385764584e-17
0.223090264898 1.38777878078e-17
0.224062542033 3.98986399475e-17
0.223090264898 1.38777878078e-17
0.224062542033 3.98986399475e-17
0.314945733196 3.29597460436e-17
0.313106462365 7.5460471205e-17
0.102995073366 -1.73472347598e-18
0.103245608305 6.07153216592e-18
0.102995073366 -1.73472347598e-18
0.103245608305 6.07153216592e-18
0.436931505176 1.17267306976e-15
0.436969865407 -1.03736463863e-15
0.282982946006 9.15933995316e-16
0.282970824786 1.49880108324e-15
0.248933538905 -1.12757025938e-16
0.248759885871 -2.72351585728e-16
0.248933538905 -1.12757025938e-16
0.248759885871 -2.72351585728e-16
0.42226168829 -1.75554015769e-15
0.422248665406 -1.4155343564e-15
0.302199776477 2.56739074445e-16
0.302186979891 -9.02056207508e-16
0.499042609183 -1.02348685083e-15
0.498759386859 -1.36696209907e-15
0.484506646625 5.55111512313e-17
0.484479297075 -4.16333634234e-17
0.20976669931 -1.21430643318e-17
0.200761702542 -4.33680868994e-17
0.249362839884 -2.60208521397e-17
0.251790000765 2.08166817117e-17
0.249362839884 -2.60208521397e-17
0.251790000765 2.08166817117e-17
0.273403083777 -3.98986399475e-17
0.274428524804 -7.6327832943e-17
0.394439441002 -1.63064006742e-16
0.401913759741 -2.08166817117e-16
0.145402884225 -2.60208521397e-18
0.145342007975 2.86229373536e-17
0.388736968676 2.63677968348e-16
0.38866443993 -2.39391839685e-16
0.42467414186 -3.67761376907e-16
0.424727002986 -2.18575157973e-16
0.247129736736 3.33066907388e-16
0.247117979055 4.19803081186e-16
0.469325936086 0.0
0.469325936086 0.0
0.231218377521 -2.77555756156e-17
0.230350838524 -2.08166817117e-17
0.231218377521 -2.77555756156e-17
0.230350838524 -2.08166817117e-17
0.294449162771 -1.70002900646e-16
0.294392948214 -1.35308431126e-16
0.0990821998419 -4.0549161251e-17
0.100361991866 4.98732999343e-18
0.0990821998419 -4.0549161251e-17
0.100361991866 4.98732999343e-18
0.154751202142 2.25514051877e-17
0.155925151122 -3.68628738645e-18
0.154751202142 2.25514051877e-17
0.155925151122 -3.68628738645e-18
0.244860269254 9.42388528324e-16
0.244753014484 1.03628043646e-15
0.244860269254 9.42388528324e-16
0.244753014484 1.03628043646e-15
0.168691754449 8.89045781438e-18
0.168774468032 2.1358782798e-16
0.438509308814 -4.1668057893e-15
0.438529523826 -1.60982338571e-15
0.392621921254 6.62230686954e-16
0.39268409685 9.77082997844e-16
0.241500137572 -2.27248775353e-16
0.241503660328 -1.04603825601e-15
0.241500137572 -2.27248775353e-16
0.241503660328 -1.04603825601e-15
0.2154945642 1.56125112838e-16
0.216091487189 -1.56125112838e-17
0.2154945642 1.56125112838e-16
0.216091487189 -1.56125112838e-17
0.248465582485 -1.05462513722e-14
0.248437347553 -5.72545483246e-15
0.248465582485 -1.05462513722e-14
0.248437347553 -5.72545483246e-15
0.231889927659 2.96637714392e-16
0.231322444329 2.74086309204e-16
0.231889927659 2.96637714392e-16
0.231322444329 2.74086309204e-16
0.102907087501 8.67361737988e-18
0.103606757266 2.94902990916e-17
0.102907087501 8.67361737988e-18
0.103606757266 2.94902990916e-17
0.250458744677 3.51281503885e-17
0.249143734 1.51788304148e-17
0.250458744677 3.51281503885e-17
0.249143734 1.51788304148e-17
0.212508732965 -3.46944695195e-17
0.212695476902 -3.12250225676e-17
0.212508732965 -3.46944695195e-17
0.212695476902 -3.12250225676e-17
0.176375972089 3.46944695195e-18
0.174050562453 1.21430643318e-17
0.316139151552 -9.88792381307e-17
0.315684410009 3.12250225676e-17
0.326415222426 4.68375338514e-17
0.325452547001 -1.73472347598e-18
0.196676210262 -3.64291929955e-17
0.198654500657 -3.29597460436e-17
0.196676210262 -3.64291929955e-17
0.198654500657 -3.29597460436e-17
0.201080313218 -2.94902990916e-16
0.201079941548 3.43475248243e-16
0.166576687416 -2.51805520879e-13
0.166576687416 -2.51805520879e-13
0.166576687416 -2.51805520879e-13
0.166576687416 -2.51805520879e-13
0.166576687416 -2.51805520879e-13
0.166576687416 -2.51805520879e-13
0.166160994967 4.02455846427e-15
0.166169442591 2.74780198595e-15
0.166160994967 4.02455846427e-15
0.166169442591 2.74780198595e-15
0.166160994967 4.02455846427e-15
0.166169442591 2.74780198595e-15
0.165736442111 4.7011006199e-16
0.165735651447 6.55725473919e-16
0.165736442111 4.7011006199e-16
0.165735651447 6.55725473919e-16
0.165736442111 4.7011006199e-16
0.165735651447 6.55725473919e-16
0.499870522217 2.12590361981e-15
0.499838807764 1.30017524524e-15
0.250001747238 1.88042290072e-13
0.249996004276 7.33475780113e-14
0.250001747238 1.88042290072e-13
0.249996004276 7.33475780113e-14
0.157298701713 2.77555756156e-17
0.15739838176 -8.67361737988e-18
0.157298701713 2.77555756156e-17
0.15739838176 -8.67361737988e-18
0.455703549748 -9.71445146547e-17
0.455703448205 -2.49800180541e-16
0.240886352668 -2.15105711021e-16
0.240886352668 -2.15105711021e-16
0.240886352668 -2.15105711021e-16
0.240886352668 -2.15105711021e-16
0.175966303309 7.4593109467e-16
0.175966052157 8.46545056277e-16
0.271443989465 1.11022302463e-16
0.271443239936 -3.81639164715e-17
0.382096344904 1.3721662695e-15
0.382094957125 8.51749226705e-16
0.488858340178 -2.58057464286e-14
0.488857957857 -2.71241362704e-14
0.249949826543 -3.39572120422e-15
0.249949826543 -3.39572120422e-15
0.249949826543 -3.39572120422e-15
0.249949826543 -3.39572120422e-15
0.347507094848 -5.55111512313e-16
0.347507094848 -5.55111512313e-16
0.461861762314 -7.49400541622e-16
0.461861762314 -7.49400541622e-16
0.499989202848 -6.54684639834e-14
0.49998708779 -3.67986890959e-14
0.293140591452 1.73472347598e-17
0.294061753911 -4.42354486374e-17
0.201208882556 8.41340885849e-17
0.201965409634 9.36750677027e-17
0.147309183217 1.04083408559e-17
0.14771558188 -6.93889390391e-18
0.113190898998 -5.20417042793e-18
0.11362324769 -3.38271077815e-17
0.249979023713 -4.85245524318e-15
0.250010937145 1.74252973162e-15
0.249979023713 -4.85245524318e-15
0.250010937145 1.74252973162e-15
0.24974195588 -5.46979996019e-17
0.249500886073 -3.18213337624e-17
0.24974195588 -5.46979996019e-17
0.249500886073 -3.18213337624e-17
0.501005299431 3.16413562018e-15
0.49976140246 1.31838984174e-15
0.0759977797111 -4.64038529824e-17
0.076031830746 -3.81639164715e-17
0.0759977797111 -4.64038529824e-17
0.076031830746 -3.81639164715e-17
0.501005299431 2.6645352591e-15
0.49976140246 8.32667268469e-16
0.249893720827 -4.8507205197e-16
0.2498617919 -1.33140026781e-16
0.249893720827 -4.8507205197e-16
0.2498617919 -1.33140026781e-16
0.494813501481 5.41233724505e-16
0.494841295299 -1.15879528195e-15
0.249975155341 5.32993787994e-16
0.249975155341 5.32993787994e-16
0.249975155341 5.32993787994e-16
0.249975155341 5.32993787994e-16
0.426721310762 7.70217223334e-16
0.426722148142 1.82492909673e-15
0.499911867909 -2.87270207622e-15
0.499911867909 -2.87270207622e-15
0.500126648408 4.79505324336e-13
0.500126648408 2.30926389122e-14
0.499970042281 -1.07969189145e-14
0.499970042281 -1.07969189145e-14
0.244245903431 1.4224732503e-16
0.244245903431 1.45716771982e-16
0.244245903431 1.4224732503e-16
0.244245903431 1.45716771982e-16
0.428831884661 -4.30211422042e-16
0.429379850132 -2.77555756156e-17
0.499807904029 -2.68882138776e-16
0.498476010334 8.15320033709e-17
0.336134942742 -3.05311331772e-16
0.336094591574 -2.22044604925e-16
0.405360596618 2.42861286637e-17
0.405869770461 -6.31439345256e-16
0.481859853227 1.69742692124e-15
0.481218552298 7.8496237288e-16
0.260943591416 -5.89805981832e-17
0.256281417542 -1.02348685083e-16
0.192043522643 -5.72458747072e-17
0.186264901261 -2.25514051877e-17
0.212985778333 5.72458747072e-17
0.207213575815 3.64291929955e-17
0.136409103072 5.89805981832e-17
0.139648953112 1.23165366794e-16
0.252975925087 5.29090660173e-16
0.249094905633 5.67254576644e-16
0.252975925087 5.29090660173e-16
0.249094905633 5.67254576644e-16
0.179191386624 -2.94902990916e-17
0.183155982398 2.25514051877e-17
0.179191386624 -2.94902990916e-17
0.183155982398 2.25514051877e-17
0.236729835934 5.20417042793e-18
0.240347168689 -3.29597460436e-17
0.236729835934 5.20417042793e-18
0.240347168689 -3.29597460436e-17
0.491980516933 -6.48786580015e-16
0.491795507344 2.27075303005e-15
0.210813431682 -4.42354486374e-17
0.207627420781 -6.76542155631e-17
0.322114601098 -1.07552855511e-16
0.320612498282 -1.5959455979e-16
0.234409592454 -6.07153216592e-17
0.233998557818 7.97972798949e-17
0.234409592454 -6.07153216592e-17
0.233998557818 7.97972798949e-17
0.125371455503 -6.07153216592e-17
0.124666455859 -1.01481323345e-16
0.125371455503 -6.07153216592e-17
0.124666455859 -1.01481323345e-16
0.125371455503 -6.07153216592e-17
0.124666455859 -1.01481323345e-16
0.125371455503 -6.07153216592e-17
0.124666455859 -1.01481323345e-16
0.297622411088 4.51028103754e-17
0.294362827026 5.89805981832e-17
0.129976332049 3.46944695195e-18
0.127478364859 1.73472347598e-18
0.215580512353 -8.67361737988e-17
0.215081069472 1.38777878078e-17
0.215580512353 -8.67361737988e-17
0.215081069472 1.38777878078e-17
0.500665529677 7.5460471205e-17
0.49738538607 -7.1123662515e-17
0.499807846174 -4.491546024e-14
0.499807570232 -6.31647512073e-14
0.250109176044 9.83588210879e-16
0.249836579352 3.26128013484e-16
0.250109176044 9.83588210879e-16
0.249836579352 3.26128013484e-16
0.246026087718 1.11022302463e-16
0.253235933804 -2.74086309204e-16
0.246026087718 1.11022302463e-16
0.253235933804 -2.74086309204e-16
0.236408154436 -1.4224732503e-16
0.232777903622 3.29597460436e-16
0.236408154436 -1.4224732503e-16
0.232777903622 3.29597460436e-16
0.240299692278 2.28983498829e-16
0.242486761297 -3.12250225676e-17
0.240299692278 2.28983498829e-16
0.242486761297 -3.12250225676e-17
0.107781989311 -6.93889390391e-18
0.102223964992 1.04083408559e-17
0.425805583215 -1.7694179455e-16
0.426513843046 -1.90819582357e-17
0.191900815207 -4.38017677684e-17
0.193413076499 -6.59194920871e-17
0.376096111703 -1.14491749414e-16
0.376830685139 2.42861286637e-17
0.244841155837 3.46944695195e-17
0.245925103172 5.63785129692e-17
0.244841155837 3.46944695195e-17
0.245925103172 5.63785129692e-17
0.424993531813 -1.12757025938e-17
0.424220082198 -6.85215773011e-17
0.229630028604 0.0
0.230386444396 -6.93889390391e-18
0.229630028604 0.0
0.230386444396 -6.93889390391e-18
0.244786355815 2.51534904017e-17
0.243347558396 -1.30104260698e-17
0.244786355815 2.51534904017e-17
0.243347558396 -1.30104260698e-17
0.403844009499 3.46944695195e-18
0.40038708291 0.0
0.2099757926 -3.46944695195e-18
0.205855040629 -3.98986399475e-17
0.275670101819 -1.21430643318e-17
0.271560988236 -2.60208521397e-18
0.436761739924 -6.93889390391e-17
0.437532775387 -1.11022302463e-16
0.495197603331 9.02056207508e-16
0.495220528017 1.01307850997e-15
0.132956972396 -8.67361737988e-18
0.135190915591 3.29597460436e-17
0.111685567351 1.04083408559e-17
0.110024966295 7.97972798949e-17
0.0933985505935 -2.77555756156e-17
0.0918351826115 -1.14491749414e-16
0.111261279976 -1.6826817717e-16
0.109692448932 -5.72458747072e-17
0.506157479891 3.20923843056e-17
0.476223451148 3.12250225676e-17
0.40576670833 -1.73472347598e-17
0.407823174567 -5.37764277553e-17
0.17140538715 -2.60208521397e-17
0.176901446641 -8.67361737988e-18
0.500072281974 -1.57859836314e-15
0.499730987423 -2.95770352654e-15
0.501100961291 2.25514051877e-16
0.495799985934 2.89698820488e-16
0.299622290488 -5.20417042793e-18
0.296617304932 -9.88792381307e-17
0.411097855971 1.3357370765e-16
0.414554696829 4.77048955894e-17
0.499368834376 2.86628359936e-14
0.499393471034 8.27463098041e-15
0.249978313015 -5.2241197479e-14
0.249976061762 4.85913392856e-14
0.249978313015 -5.2241197479e-14
0.249976061762 4.85913392856e-14
0.243880452536 6.93889390391e-18
0.247084590812 -1.82145964978e-17
0.243880452536 6.93889390391e-18
0.247084590812 -1.82145964978e-17
0.395921206389 -1.53089346755e-16
0.391808384918 6.76542155631e-17
0.454380741499 7.82707232361e-15
0.454402782735 1.51337276044e-14
0.172055206243 1.52308721191e-15
0.171992148975 2.46677678284e-15
0.239155838595 -3.81639164715e-17
0.23913470887 4.51028103754e-17
0.239155838595 -3.81639164715e-17
0.23913470887 4.51028103754e-17
0.187648710068 4.85722573274e-17
0.185964046671 4.16333634234e-17
0.187648710068 4.85722573274e-17
0.185964046671 4.16333634234e-17
0.0584950724769 5.03069808033e-17
0.0567225423846 3.98986399475e-17
0.111671112358 -3.38271077815e-17
0.108200981892 -7.8062556419e-18
0.250615103488 5.20417042793e-18
0.249069701124 -2.51534904017e-16
0.250615103488 5.20417042793e-18
0.249069701124 -2.51534904017e-16
0.458921753616 8.93382590128e-17
0.457213974683 -1.35308431126e-16
0.212544086383 4.85722573274e-17
0.212595896764 7.6327832943e-17
0.212544086383 4.85722573274e-17
0.212595896764 7.6327832943e-17
0.212662180156 -5.72458747072e-17
0.210924898241 -2.21177243187e-16
0.212662180156 -5.72458747072e-17
0.210924898241 -2.21177243187e-16
0.236708104591 9.54097911787e-18
0.236349136018 -1.90819582357e-17
0.236708104591 9.54097911787e-18
0.236349136018 -1.90819582357e-17
0.248958338474 6.97705782038e-15
0.248965543852 3.94129173742e-15
0.248958338474 6.97705782038e-15
0.248965543852 3.94129173742e-15
0.142626393833 -6.24500451352e-17
0.143139185092 7.7195194681e-17
0.407559483133 -4.64905891562e-16
0.407815014573 -3.60822483003e-16
0.469951663989 -5.89805981832e-17
0.468828802751 -1.7694179455e-16
0.233880149409 -6.93889390391e-18
0.234897263735 -2.42861286637e-17
0.233880149409 -6.93889390391e-18
0.234897263735 -2.42861286637e-17
0.248135193838 -3.81639164715e-17
0.247984129597 -4.33680868994e-16
0.248135193838 -3.81639164715e-17
0.247984129597 -4.33680868994e-16
0.247625175974 -1.80411241502e-16
0.247757772369 -2.28983498829e-16
0.247625175974 -1.80411241502e-16
0.247757772369 -2.28983498829e-16
0.206381588793 2.77555756156e-17
0.206617877308 -1.90819582357e-17
0.206381588793 2.77555756156e-17
0.206617877308 -1.90819582357e-17
0.433701364711 2.08166817117e-17
0.433451856846 1.18655085757e-15
0.501977907607 5.20417042793e-18
0.492608744788 1.99493199737e-17
0.260726422768 5.89805981832e-17
0.256701479482 2.42861286637e-17
0.240408856602 -1.04083408559e-17
0.242547609961 -4.16333634234e-17
0.240408856602 -1.04083408559e-17
0.242547609961 -4.16333634234e-17
0.164977820091 6.59194920871e-17
0.164346881776 3.46944695195e-17
0.414162418655 -5.96744875736e-16
0.414013444855 -1.2490009027e-16
0.414678919426 -6.86950496487e-16
0.415163068329 -4.7878367937e-16
0.37291764199 -1.65839564303e-15
0.372833688424 2.77555756156e-17
0.17110503266 1.56125112838e-17
0.178332742514 -1.38777878078e-17
0.17110503266 1.56125112838e-17
0.178332742514 -1.38777878078e-17
0.172132957014 -2.60208521397e-17
0.177407916641 -8.84708972748e-17
0.172132957014 -2.60208521397e-17
0.177407916641 -8.84708972748e-17
0.489378652957 -5.16947595841e-16
0.49019949289 -1.99493199737e-17
0.0237624137538 5.42101086243e-19
0.0236877444611 -5.42101086243e-20
0.0237624137538 5.42101086243e-19
0.0236877444611 -5.42101086243e-20
0.317090257554 8.67361737988e-18
0.304131208742 1.90819582357e-17
0.441484063363 -1.38777878078e-17
0.449346096979 -3.6212352561e-17
0.21867159507 -6.72205346941e-18
0.239250128772 -6.50521303491e-18
0.253117212916 5.33427468863e-17
0.245001358509 3.51281503885e-17
0.253117212916 5.33427468863e-17
0.245001358509 3.51281503885e-17
0.177678576066 -6.15826833972e-17
0.177922419714 3.9248118644e-17
0.177678576066 -6.15826833972e-17
0.177922419714 3.9248118644e-17
0.080912820059 -7.4159428598e-17
0.0811800654551 2.81892564846e-18
0.080912820059 -7.4159428598e-17
0.0811800654551 2.81892564846e-18
0.171795209148 -5.65519853168e-16
0.171818983576 -1.09547787508e-15
0.171795209148 -5.65519853168e-16
0.171818983576 -1.09547787508e-15
0.235416516141 2.68882138776e-16
0.235329427703 5.49907341885e-16
0.235416516141 2.68882138776e-16
0.235329427703 5.49907341885e-16
0.24749398573 -3.05311331772e-16
0.247492644693 3.26648430526e-15
0.24749398573 -3.05311331772e-16
0.247492644693 3.26648430526e-15
0.247861822869 3.03576608296e-17
0.253033210054 6.24500451352e-17
0.247861822869 3.03576608296e-17
0.253033210054 6.24500451352e-17
0.244923403366 -3.99853761213e-16
0.244751882157 5.20417042793e-17
0.244923403366 -3.99853761213e-16
0.244751882157 5.20417042793e-17
0.238547304199 9.19403442268e-16
0.238579134448 6.93889390391e-18
0.238547304199 9.19403442268e-16
0.238579134448 6.93889390391e-18
0.0672286756263 4.09611580765e-16
0.0672019645247 8.29197821517e-16
0.0672286756263 4.09611580765e-16
0.0672019645247 8.29197821517e-16
0.457318360036 5.03069808033e-17
0.456728294365 -6.93889390391e-17
0.376282455789 9.36750677027e-17
0.375391565057 2.08166817117e-17
0.165882829702 2.47198095327e-17
0.168023036763 1.08420217249e-17
0.25042234281 3.16587034366e-17
0.249229258539 -1.38777878078e-17
0.25042234281 3.16587034366e-17
0.249229258539 -1.38777878078e-17
0.24998154847 4.44522890719e-15
0.249979795133 -6.83047368666e-15
0.24998154847 4.44522890719e-15
0.249979795133 -6.83047368666e-15
0.238082578483 -2.42861286637e-17
0.237093206148 -2.42861286637e-17
0.238082578483 -2.42861286637e-17
0.237093206148 -2.42861286637e-17
0.228673670143 -2.77555756156e-17
0.23025463869 -3.46944695195e-17
0.228673670143 -2.77555756156e-17
0.23025463869 -3.46944695195e-17
0.47193586898 -6.07153216592e-18
0.459431028642 -2.94902990916e-17
0.239926686515 -3.46944695195e-17
0.238427522963 3.12250225676e-17
0.239926686515 -3.46944695195e-17
0.238427522963 3.12250225676e-17
0.324715487714 3.67761376907e-16
0.324773017918 1.94289029309e-16
0.324224049723 2.18575157973e-16
0.324566291863 7.8062556419e-17
0.492156843291 1.43982048506e-16
0.494566187513 1.02348685083e-16
0.24807149781 5.50774703623e-17
0.251072805989 6.59194920871e-17
0.24807149781 5.50774703623e-17
0.251072805989 6.59194920871e-17
0.221212432624 -6.07153216592e-17
0.220369856285 6.41847686111e-17
0.221212432624 -6.07153216592e-17
0.220369856285 6.41847686111e-17
0.298434501345 -4.51028103754e-17
0.298563784428 -4.51028103754e-17
0.45901748814 -9.36750677027e-16
0.45900199459 -8.25728374565e-16
0.250623741427 -3.72965547335e-17
0.248881465728 -5.24753851483e-17
0.250623741427 -3.72965547335e-17
0.248881465728 -5.24753851483e-17
0.414512783985 -4.16333634234e-17
0.413834789349 -2.08166817117e-17
0.291673293342 2.60208521397e-17
0.293276641333 -6.07153216592e-17
0.23055238032 4.16333634234e-17
0.230954827917 8.67361737988e-17
0.23055238032 4.16333634234e-17
0.230954827917 8.67361737988e-17
0.135821295573 1.73472347598e-17
0.141846399441 9.10729824888e-18
0.189380021108 2.16840434497e-18
0.195249274494 -9.97465998687e-18
0.291717651266 8.67361737988e-18
0.296182301481 1.04083408559e-17
0.481296693885 1.52655665886e-16
0.484056777728 6.59194920871e-17
0.478103697585 -8.32667268469e-17
0.46895911345 -2.42861286637e-17
0.421229587204 6.93889390391e-18
0.429505540028 2.77555756156e-17
0.465593925814 4.16333634234e-17
0.469711825128 -2.94902990916e-17
0.247554136681 -6.07153216592e-17
0.246947443258 -8.32667268469e-17
0.247554136681 -6.07153216592e-17
0.246947443258 -8.32667268469e-17
0.249861824207 -3.35668992602e-16
0.249665746611 -1.37476835471e-16
0.249861824207 -3.35668992602e-16
0.249665746611 -1.37476835471e-16
0.246421609512 1.17961196366e-16
0.246196523245 1.4224732503e-16
0.246421609512 1.17961196366e-16
0.246196523245 1.4224732503e-16
0.249630916423 -6.93889390391e-17
0.249474159145 9.43689570931e-16
0.249630916423 -6.93889390391e-17
0.249474159145 9.43689570931e-16
0.249962042467 -4.77048955894e-18
0.24991679163 -1.88434337578e-15
0.249962042467 -4.77048955894e-18
0.24991679163 -1.88434337578e-15
0.0811199944344 6.33174068732e-17
0.0811054243257 -6.93889390391e-18
0.128630334103 -8.41340885849e-17
0.12898725928 -1.40512601554e-16
0.128630334103 -8.41340885849e-17
0.12898725928 -1.40512601554e-16
0.130558380893 -3.90312782095e-17
0.130340234425 3.81639164715e-17
0.233008848927 -1.390380866e-15
0.232937566679 2.51534904017e-17
0.233008848927 -1.390380866e-15
0.232937566679 2.51534904017e-17
0.317089040971 -2.63677968348e-16
0.31709991642 -4.19803081186e-16
0.0792817415696 7.2858385991e-17
0.0795860352836 6.28837260042e-17
0.0792817415696 7.2858385991e-17
0.0795860352836 6.28837260042e-17
0.26947629674 1.73472347598e-16
0.269272543903 9.36750677027e-17
0.144856785771 1.14491749414e-16
0.144586666873 6.07153216592e-18
0.144856785771 1.14491749414e-16
0.144586666873 6.07153216592e-18
0.498699748656 -4.73579508942e-16
0.501663699459 -2.68882138776e-16
0.148529875504 7.89299181569e-17
0.149300130416 6.15826833972e-17
0.148529875504 7.89299181569e-17
0.149300130416 6.15826833972e-17
0.160808095432 6.07153216592e-17
0.161296740976 3.72965547335e-17
0.160808095432 6.07153216592e-17
0.161296740976 3.72965547335e-17
0.210333309352 2.28983498829e-16
0.210450599847 7.2858385991e-17
0.210333309352 2.28983498829e-16
0.210450599847 7.2858385991e-17
0.127824997785 2.42861286637e-17
0.127870583515 1.54390389362e-16
0.127824997785 2.42861286637e-17
0.127870583515 1.54390389362e-16
0.260210474127 -2.39391839685e-16
0.260249504068 -1.73472347598e-16
0.279940344051 7.52869988574e-16
0.279873791907 2.35922392733e-16
0.217254581253 1.31838984174e-16
0.217066653177 -3.46944695195e-18
0.217254581253 1.31838984174e-16
0.217066653177 -3.46944695195e-18
0.358338480817 1.11022302463e-16
0.357553143443 9.88792381307e-17
0.506496207937 -2.49800180541e-16
0.495745233065 -1.19695919842e-16
0.100831080876 -5.37764277553e-17
0.100825060401 -3.64291929955e-17
0.100831080876 -5.37764277553e-17
0.100825060401 -3.64291929955e-17
0.162487011105 -4.33680868994e-17
0.16263572626 3.81639164715e-17
0.162487011105 -4.33680868994e-17
0.16263572626 3.81639164715e-17
0.165766819262 4.85505732839e-16
0.165600164782 2.19659360146e-16
0.165766819262 4.85505732839e-16
0.165600164782 2.19659360146e-16
0.165766819262 4.85505732839e-16
0.165600164782 2.19659360146e-16
0.0819515744552 -8.67361737988e-18
0.0819970216171 -2.34187669257e-17
0.113310059924 -2.112025832e-16
0.113164200408 -1.26634813746e-16
0.113310059924 -2.112025832e-16
0.113164200408 -1.26634813746e-16
0.113310059924 -2.112025832e-16
0.113164200408 -1.26634813746e-16
0.113310059924 -2.112025832e-16
0.113164200408 -1.26634813746e-16
0.372427875278 7.6327832943e-17
0.372322566923 -3.67761376907e-16
0.15396877473 8.67361737988e-18
0.153911388231 -3.46944695195e-18
0.159201186616 1.2490009027e-16
0.159324569653 -3.12250225676e-17
0.159201186616 1.2490009027e-16
0.159324569653 -3.12250225676e-17
0.416116133635 -4.51028103754e-17
0.407046126193 5.89805981832e-17
0.47144293501 8.67361737988e-18
0.471788505666 -3.33066907388e-16
0.249328406336 1.62959923333e-14
0.24931963766 1.66342634111e-14
0.249328406336 1.62959923333e-14
0.24931963766 1.66342634111e-14
0.0868136971578 -5.20417042793e-18
0.0868545288214 7.8062556419e-18
0.0868136971578 -5.20417042793e-18
0.0868545288214 7.8062556419e-18
0.112728646937 -5.72458747072e-17
0.11265554372 -6.41847686111e-17
0.112728646937 -5.72458747072e-17
0.11265554372 -6.41847686111e-17
0.250016037665 1.51137782844e-16
0.249971309631 -1.0000680839e-15
0.250016037665 1.51137782844e-16
0.249971309631 -1.0000680839e-15
0.269992655339 1.73472347598e-17
0.26988962997 -2.70616862252e-16
0.0767006597848 1.12757025938e-17
0.0765892066274 4.42354486374e-17
0.0767006597848 1.12757025938e-17
0.0765892066274 4.42354486374e-17
0.0767006597848 1.12757025938e-17
0.0765892066274 4.42354486374e-17
0.0772605981315 -1.30104260698e-17
0.0771423863446 -3.03576608296e-17
0.0772605981315 -1.30104260698e-17
0.0771423863446 -3.03576608296e-17
0.249078194641 -1.10233003281e-14
0.24907161644 -6.62664367823e-15
0.249078194641 -1.10233003281e-14
0.24907161644 -6.62664367823e-15
0.166108422764 6.93889390391e-18
0.166536211495 -1.73472347598e-17
0.166108422764 6.93889390391e-18
0.166536211495 -1.73472347598e-17
0.24988870444 3.07046055248e-16
0.250060431397 1.66099772825e-16
0.24988870444 3.07046055248e-16
0.250060431397 1.66099772825e-16
0.236164171366 -1.07552855511e-16
0.236155353551 -6.210310044e-16
0.277200174537 -1.09287578987e-16
0.2769034875 -8.84708972748e-17
0.15557601351 2.671474153e-16
0.155458444494 3.22658566532e-16
0.173826860316 2.23779328401e-16
0.173722172273 -1.07552855511e-16
0.187030102475 -2.11636264069e-16
0.186804139068 -4.68375338514e-17
0.187030102475 -2.11636264069e-16
0.186804139068 -4.68375338514e-17
0.103890023867 -2.12503625807e-17
0.103644400173 -6.93889390391e-18
0.235044071866 1.56125112838e-17
0.234483838082 2.42861286637e-17
0.138349984608 4.42354486374e-17
0.138247138143 1.43982048506e-16
0.138349984608 4.42354486374e-17
0.138247138143 1.43982048506e-16
0.112541027538 6.93889390391e-18
0.11292426176 2.60208521397e-18
0.112541027538 6.93889390391e-18
0.11292426176 2.60208521397e-18
0.438045187133 1.94289029309e-16
0.438070276502 2.56739074445e-16
0.238445311172 1.37259995037e-15
0.238289596651 7.38992200766e-16
0.238445311172 1.37259995037e-15
0.238289596651 7.38992200766e-16
0.239642483831 1.78849990373e-15
0.239632882215 -9.40567068675e-15
0.239642483831 1.78849990373e-15
0.239632882215 -9.40567068675e-15
0.250156877835 8.97719398818e-17
0.249723718596 1.19262238973e-16
0.250156877835 8.97719398818e-17
0.249723718596 1.19262238973e-16
0.247857551575 3.03576608296e-17
0.248922597822 1.34441069388e-17
0.247857551575 3.03576608296e-17
0.248922597822 1.34441069388e-17
0.499740427635 2.34465225013e-14
0.499718199498 7.10646819169e-14
0.472220831655 -4.75314232418e-16
0.47342710114 -3.63424568217e-16
0.222569086592 -5.79397640976e-16
0.222542085933 -1.35308431126e-16
0.222569086592 -5.79397640976e-16
0.222542085933 -1.35308431126e-16
0.376304004983 -1.28369537222e-16
0.376132486577 -6.59194920871e-17
0.173952370558 -1.73472347598e-17
0.174226512915 1.74339709336e-16
0.173952370558 -1.73472347598e-17
0.174226512915 1.74339709336e-16
0.029522239858 1.51788304148e-16
0.0295217244124 1.28369537222e-16
0.029522239858 1.51788304148e-16
0.0295217244124 1.28369537222e-16
0.250010285411 2.18314949452e-15
0.249981727452 -2.2421300927e-16
0.250010285411 2.18314949452e-15
0.249981727452 -2.2421300927e-16
0.490286736683 -3.60128593613e-15
0.490299440037 -2.98025493173e-15
0.16738078865 4.38017677684e-17
0.167514548761 -7.06899816461e-17
0.16738078865 4.38017677684e-17
0.167514548761 -7.06899816461e-17
0.0979169510022 6.33174068732e-17
0.0980213499853 2.16840434497e-18
0.0979169510022 6.33174068732e-17
0.0980213499853 2.16840434497e-18
0.237406212574 1.27762384006e-14
0.23741459522 1.7548462683e-14
0.237406212574 1.27762384006e-14
0.23741459522 1.7548462683e-14
0.239393477897 -1.4658413372e-15
0.239371645673 -3.13984949152e-16
0.239393477897 -1.4658413372e-15
0.239371645673 -3.13984949152e-16
0.249895848396 -2.68331364073e-14
0.249896354849 -6.95374747367e-14
0.249895848396 -2.68331364073e-14
0.249896354849 -6.95374747367e-14
0.248212382322 3.5778671692e-18
0.24699928105 7.8062556419e-18
0.248212382322 3.5778671692e-18
0.24699928105 7.8062556419e-18
0.194003356047 5.20417042793e-18
0.195016357949 1.66967134563e-17
0.339872526032 7.8062556419e-18
0.340872248619 1.08853898118e-16
0.415996106035 -3.46944695195e-17
0.428282830318 -1.73472347598e-17
0.498789621837 6.38378239159e-16
0.498327902565 1.36696209907e-15
0.205168813797 7.97972798949e-17
0.205393546301 2.04697370165e-16
0.391319163352 -1.63064006742e-16
0.391534541334 1.31838984174e-16
0.24344671459 8.86443696224e-16
0.243470016293 -1.21777588014e-15
0.24344671459 8.86443696224e-16
0.243470016293 -1.21777588014e-15
0.249783072919 6.80878964321e-16
0.25011828771 6.16260514841e-16
0.249783072919 6.80878964321e-16
0.25011828771 6.16260514841e-16
0.496403498525 -8.67361737988e-17
0.505046671562 -1.6826817717e-16
0.249776978013 1.4224732503e-16
0.250129605148 2.46330733589e-16
0.249776978013 1.4224732503e-16
0.250129605148 2.46330733589e-16
0.233244704745 -6.41847686111e-17
0.246690052321 -2.60208521397e-17
0.434520200304 6.24500451352e-17
0.437386981376 2.42861286637e-16
0.325641978626 6.76542155631e-17
0.32642369649 6.76542155631e-17
0.109422148735 -6.93889390391e-18
0.113499665253 1.04083408559e-17
0.109422148735 -6.93889390391e-18
0.113499665253 1.04083408559e-17
0.0686064704445 -1.73472347598e-17
0.0717912731681 1.04083408559e-17
0.0686064704445 -1.73472347598e-17
0.0717912731681 1.04083408559e-17
0.126950805306 -1.5092094241e-16
0.131534711339 -1.19695919842e-16
0.126950805306 -1.5092094241e-16
0.131534711339 -1.19695919842e-16
0.0934108614373 5.37764277553e-17
0.0970596001233 3.64291929955e-17
0.0934108614373 5.37764277553e-17
0.0970596001233 3.64291929955e-17
0.246314757713 8.84708972748e-17
0.260586212702 2.94902990916e-17
0.246314757713 8.84708972748e-17
0.260586212702 2.94902990916e-17
0.133680303121 -3.46944695195e-17
0.136045168214 -2.60208521397e-17
0.246369532986 -2.74780198595e-15
0.24648808072 -6.64399091299e-16
0.246369532986 -2.74780198595e-15
0.24648808072 -6.64399091299e-16
0.0872497457521 6.93889390391e-18
0.0857640912179 -1.73472347598e-17
0.0872497457521 6.93889390391e-18
0.0857640912179 -1.73472347598e-17
0.835345702838 9.19403442268e-17
0.187352787891 -1.12757025938e-17
0.187352787891 -1.12757025938e-17
0.5 -3.4543982943e-17
0.5 -3.4543982943e-17
